2.786 2.7439 2.70248 2.66177 2.62179 2.5826 2.54421 2.50667 2.47002 2.4343 2.39954 2.3658 2.33311 2.30152 2.27108 2.24183 2.21382 2.1871 2.16171 2.13771 2.11514 2.09404 2.07446 2.05645 2.04005 2.02529 2.01221 2.00085 1.99123 1.98338 1.97732 1.97307 1.97063 1.97 1.97 1.97 1.97 1.97 1.97 1.97 1.97 1.97 1.97 1.97 1.97 1.97 1.97 1.97 1.97 1.97 1.97 1.97 1.97 1.97 1.97 1.97 1.97 1.97 1.97 1.97 1.97 1.97 1.97 1.97 1.97 1.97 1.97 1.97063 1.97307 1.97732 1.98338 1.99123 2.00085 2.01221 2.02529 2.04005 2.05645 2.07446 2.09404 2.11514 2.13771 2.16171 2.1871 2.21382 2.24183 2.27108 2.30152 2.33311 2.3658 2.39954 2.4343 2.47002 2.50667 2.54421 2.5826 2.62179 2.66177 2.70248 2.7439
2.7439 2.70115 2.65906 2.61767 2.57701 2.53712 2.49804 2.4598 2.42244 2.386 2.35053 2.31607 2.28267 2.25038 2.21923 2.18929 2.1606 2.13321 2.10718 2.08255 2.05937 2.03769 2.01757 1.99905 1.98217 1.96698 1.95351 1.9418 1.93189 1.9238 1.91755 1.91316 1.91065 1.91 1.91 1.91 1.91 1.91 1.91 1.91 1.91 1.91 1.91 1.91 1.91 1.91 1.91 1.91 1.91 1.91 1.91 1.91 1.91 1.91 1.91 1.91 1.91 1.91 1.91 1.91 1.91 1.91 1.91 1.91 1.91 1.91 1.91 1.91065 1.91316 1.91755 1.9238 1.93189 1.9418 1.95351 1.96698 1.98217 1.99905 2.01757 2.03769 2.05937 2.08255 2.10718 2.13321 2.1606 2.18929 2.21923 2.25038 2.28267 2.31607 2.35053 2.386 2.42244 2.4598 2.49804 2.53712 2.57701 2.61767 2.65906 2.70115
2.70248 2.65906 2.6163 2.57422 2.53286 2.49227 2.45247 2.4135 2.37542 2.33825 2.30204 2.26685 2.23271 2.19968 2.16781 2.13715 2.10775 2.07966 2.05295 2.02766 2.00385 1.98157 1.96087 1.9418 1.92442 1.90877 1.89489 1.88282 1.87259 1.86424 1.85779 1.85327 1.85068 1.85 1.85 1.85 1.85 1.85 1.85 1.85 1.85 1.85 1.85 1.85 1.85 1.85 1.85 1.85 1.85 1.85 1.85 1.85 1.85 1.85 1.85 1.85 1.85 1.85 1.85 1.85 1.85 1.85 1.85 1.85 1.85 1.85 1.85 1.85068 1.85327 1.85779 1.86424 1.87259 1.88282 1.89489 1.90877 1.92442 1.9418 1.96087 1.98157 2.00385 2.02766 2.05295 2.07966 2.10775 2.13715 2.16781 2.19968 2.23271 2.26685 2.30204 2.33825 2.37542 2.4135 2.45247 2.49227 2.53286 2.57422 2.61629 2.65906
2.66177 2.61767 2.57422 2.53144 2.48938 2.44806 2.40753 2.36783 2.32899 2.29107 2.25411 2.21815 2.18325 2.14947 2.11684 2.08543 2.05529 2.02647 1.99905 1.97307 1.94859 1.92567 1.90436 1.88473 1.86682 1.85068 1.83636 1.8239 1.81334 1.80472 1.79805 1.79338 1.7907 1.79 1.79 1.79 1.79 1.79 1.79 1.79 1.79 1.79 1.79 1.79 1.79 1.79 1.79 1.79 1.79 1.79 1.79 1.79 1.79 1.79 1.79 1.79 1.79 1.79 1.79 1.79 1.79 1.79 1.79 1.79 1.79 1.79 1.79 1.7907 1.79338 1.79805 1.80472 1.81334 1.8239 1.83636 1.85068 1.86682 1.88473 1.90436 1.92567 1.94859 1.97307 1.99905 2.02647 2.05529 2.08543 2.11684 2.14946 2.18325 2.21815 2.25411 2.29107 2.32899 2.36783 2.40753 2.44806 2.48938 2.53144 2.57422 2.61767
2.62179 2.57701 2.53286 2.48938 2.44659 2.40454 2.36326 2.3228 2.2832 2.2445 2.20676 2.17002 2.13434 2.09976 2.06635 2.03416 2.00325 1.97368 1.94551 1.9188 1.89362 1.87003 1.84808 1.82784 1.80936 1.79271 1.77792 1.76505 1.75414 1.74522 1.73833 1.73349 1.73072 1.73 1.73 1.73 1.73 1.73 1.73 1.73 1.73 1.73 1.73 1.73 1.73 1.73 1.73 1.73 1.73 1.73 1.73 1.73 1.73 1.73 1.73 1.73 1.73 1.73 1.73 1.73 1.73 1.73 1.73 1.73 1.73 1.73 1.73 1.73072 1.73349 1.73833 1.74522 1.75414 1.76505 1.77792 1.79271 1.80936 1.82784 1.84808 1.87003 1.89362 1.9188 1.94551 1.97368 2.00325 2.03416 2.06635 2.09976 2.13434 2.17002 2.20676 2.2445 2.2832 2.3228 2.36326 2.40454 2.44659 2.48938 2.53286 2.57701
2.5826 2.53712 2.49227 2.44806 2.40454 2.36174 2.3197 2.27846 2.23808 2.19859 2.16005 2.1225 2.086 2.05061 2.01638 1.98338 1.95167 1.9213 1.89235 1.86489 1.83897 1.81466 1.79204 1.77116 1.75208 1.73488 1.71959 1.70628 1.69499 1.68576 1.67863 1.67362 1.67075 1.67 1.67 1.67 1.67 1.67 1.67 1.67 1.67 1.67 1.67 1.67 1.67 1.67 1.67 1.67 1.67 1.67 1.67 1.67 1.67 1.67 1.67 1.67 1.67 1.67 1.67 1.67 1.67 1.67 1.67 1.67 1.67 1.67 1.67 1.67075 1.67362 1.67863 1.68576 1.69499 1.70628 1.71959 1.73488 1.75208 1.77116 1.79204 1.81466 1.83897 1.86489 1.89235 1.9213 1.95167 1.98338 2.01638 2.05061 2.086 2.1225 2.16005 2.19859 2.23808 2.27846 2.3197 2.36174 2.40454 2.44806 2.49227 2.53712
2.54421 2.49804 2.45247 2.40753 2.36326 2.3197 2.27688 2.23486 2.19367 2.15337 2.114 2.07562 2.03828 2.00205 1.96698 1.93313 1.90058 1.86939 1.83962 1.81135 1.78466 1.7596 1.73626 1.7147 1.69499 1.6772 1.66139 1.6476 1.63591 1.62635 1.61895 1.61375 1.61078 1.61 1.61 1.61 1.61 1.61 1.61 1.61 1.61 1.61 1.61 1.61 1.61 1.61 1.61 1.61 1.61 1.61 1.61 1.61 1.61 1.61 1.61 1.61 1.61 1.61 1.61 1.61 1.61 1.61 1.61 1.61 1.61 1.61 1.61 1.61078 1.61375 1.61895 1.62635 1.63591 1.6476 1.66139 1.6772 1.69499 1.7147 1.73626 1.7596 1.78466 1.81135 1.83962 1.86939 1.90058 1.93313 1.96698 2.00205 2.03828 2.07562 2.114 2.15337 2.19367 2.23486 2.27688 2.3197 2.36326 2.40753 2.45247 2.49804
2.50667 2.4598 2.4135 2.36783 2.3228 2.27846 2.23486 2.19203 2.15002 2.10889 2.06867 2.02943 1.99123 1.95412 1.91818 1.88345 1.85003 1.81797 1.78734 1.75824 1.73072 1.70488 1.68077 1.65849 1.63811 1.61969 1.60331 1.58902 1.5769 1.56697 1.55929 1.5539 1.55081 1.55 1.55 1.55 1.55 1.55 1.55 1.55 1.55 1.55 1.55 1.55 1.55 1.55 1.55 1.55 1.55 1.55 1.55 1.55 1.55 1.55 1.55 1.55 1.55 1.55 1.55 1.55 1.55 1.55 1.55 1.55 1.55 1.55 1.55 1.55081 1.5539 1.55929 1.56697 1.5769 1.58902 1.60331 1.61969 1.63811 1.65849 1.68077 1.70488 1.73072 1.75824 1.78734 1.81797 1.85003 1.88345 1.91818 1.95412 1.99123 2.02943 2.06867 2.10889 2.15002 2.19203 2.23486 2.27846 2.3228 2.36783 2.4135 2.4598
2.47002 2.42244 2.37542 2.32899 2.2832 2.23808 2.19367 2.15002 2.10718 2.06519 2.0241 1.98399 1.94489 1.90688 1.87003 1.83439 1.80006 1.76709 1.73557 1.70558 1.6772 1.65052 1.62561 1.60256 1.58145 1.56237 1.54538 1.53056 1.51796 1.50765 1.49967 1.49405 1.49084 1.49 1.49 1.49 1.49 1.49 1.49 1.49 1.49 1.49 1.49 1.49 1.49 1.49 1.49 1.49 1.49 1.49 1.49 1.49 1.49 1.49 1.49 1.49 1.49 1.49 1.49 1.49 1.49 1.49 1.49 1.49 1.49 1.49 1.49 1.49084 1.49405 1.49967 1.50765 1.51796 1.53056 1.54538 1.56237 1.58145 1.60256 1.62561 1.65051 1.6772 1.70558 1.73557 1.76709 1.80006 1.83439 1.87003 1.90688 1.94489 1.98399 2.0241 2.06519 2.10718 2.15002 2.19367 2.23808 2.2832 2.32899 2.37542 2.42244
2.4343 2.386 2.33825 2.29107 2.2445 2.19859 2.15337 2.10889 2.06519 2.02233 1.98035 1.93933 1.89932 1.86038 1.82258 1.786 1.75071 1.7168 1.68434 1.65342 1.62413 1.59656 1.5708 1.54693 1.52506 1.50526 1.48762 1.47221 1.45911 1.44838 1.44007 1.43422 1.43087 1.43 1.43 1.43 1.43 1.43 1.43 1.43 1.43 1.43 1.43 1.43 1.43 1.43 1.43 1.43 1.43 1.43 1.43 1.43 1.43 1.43 1.43 1.43 1.43 1.43 1.43 1.43 1.43 1.43 1.43 1.43 1.43 1.43 1.43 1.43087 1.43422 1.44007 1.44838 1.45911 1.47221 1.48762 1.50526 1.52506 1.54693 1.5708 1.59656 1.62413 1.65342 1.68434 1.7168 1.75071 1.786 1.82258 1.86038 1.89932 1.93933 1.98035 2.02233 2.06519 2.10889 2.15337 2.19859 2.2445 2.29107 2.33825 2.386
2.39954 2.35053 2.30204 2.25411 2.20676 2.16005 2.114 2.06867 2.0241 1.98035 1.93747 1.89552 1.85456 1.81466 1.77589 1.73833 1.70206 1.66715 1.63371 1.60181 1.57156 1.54305 1.51638 1.49164 1.46895 1.44838 1.43004 1.414 1.40036 1.38917 1.38051 1.37441 1.37091 1.37 1.37 1.37 1.37 1.37 1.37 1.37 1.37 1.37 1.37 1.37 1.37 1.37 1.37 1.37 1.37 1.37 1.37 1.37 1.37 1.37 1.37 1.37 1.37 1.37 1.37 1.37 1.37 1.37 1.37 1.37 1.37 1.37 1.37 1.37091 1.37441 1.38051 1.38917 1.40036 1.414 1.43004 1.44838 1.46895 1.49164 1.51638 1.54305 1.57156 1.60181 1.63371 1.66715 1.70206 1.73833 1.77589 1.81466 1.85456 1.89552 1.93747 1.98035 2.0241 2.06867 2.114 2.16005 2.20676 2.25411 2.30204 2.35053
2.3658 2.31607 2.26685 2.21815 2.17002 2.1225 2.07562 2.02943 1.98399 1.93933 1.89552 1.85262 1.81069 1.7698 1.73003 1.69145 1.65415 1.61821 1.58373 1.55081 1.51954 1.49003 1.4624 1.43673 1.41315 1.39176 1.37266 1.35595 1.34172 1.33004 1.32098 1.31461 1.31095 1.31 1.31 1.31 1.31 1.31 1.31 1.31 1.31 1.31 1.31 1.31 1.31 1.31 1.31 1.31 1.31 1.31 1.31 1.31 1.31 1.31 1.31 1.31 1.31 1.31 1.31 1.31 1.31 1.31 1.31 1.31 1.31 1.31 1.31 1.31095 1.31461 1.32098 1.33004 1.34172 1.35595 1.37266 1.39176 1.41315 1.43673 1.4624 1.49003 1.51954 1.55081 1.58373 1.61821 1.65415 1.69145 1.73003 1.7698 1.81069 1.85262 1.89552 1.93933 1.98399 2.02943 2.07562 2.1225 2.17002 2.21815 2.26685 2.31607
2.33311 2.28267 2.23271 2.18325 2.13434 2.086 2.03828 1.99123 1.94489 1.89932 1.85456 1.81069 1.76777 1.72586 1.68505 1.64542 1.60705 1.57003 1.53447 1.50047 1.46813 1.43757 1.4089 1.38224 1.35772 1.33544 1.31552 1.29808 1.2832 1.27098 1.26151 1.25483 1.251 1.25 1.25 1.25 1.25 1.25 1.25 1.25 1.25 1.25 1.25 1.25 1.25 1.25 1.25 1.25 1.25 1.25 1.25 1.25 1.25 1.25 1.25 1.25 1.25 1.25 1.25 1.25 1.25 1.25 1.25 1.25 1.25 1.25 1.25 1.251 1.25483 1.26151 1.27098 1.2832 1.29808 1.31552 1.33544 1.35772 1.38224 1.4089 1.43757 1.46813 1.50047 1.53447 1.57003 1.60705 1.64542 1.68505 1.72586 1.76777 1.81069 1.85456 1.89932 1.94489 1.99123 2.03828 2.086 2.13434 2.18325 2.23271 2.28267
2.30152 2.25038 2.19968 2.14947 2.09976 2.05061 2.00205 1.95412 1.90688 1.86038 1.81466 1.7698 1.72586 1.68291 1.64104 1.60031 1.56083 1.5227 1.486 1.45086 1.41739 1.38571 1.35595 1.32823 1.30269 1.27945 1.25865 1.2404 1.22483 1.21202 1.20208 1.19507 1.19105 1.19 1.19 1.19 1.19 1.19 1.19 1.19 1.19 1.19 1.19 1.19 1.19 1.19 1.19 1.19 1.19 1.19 1.19 1.19 1.19 1.19 1.19 1.19 1.19 1.19 1.19 1.19 1.19 1.19 1.19 1.19 1.19 1.19 1.19 1.19105 1.19507 1.20208 1.21202 1.22483 1.2404 1.25865 1.27945 1.30269 1.32823 1.35595 1.38571 1.41739 1.45086 1.486 1.5227 1.56083 1.60031 1.64104 1.68291 1.72586 1.7698 1.81466 1.86038 1.90688 1.95412 2.00205 2.05061 2.09976 2.14946 2.19968 2.25038
2.27108 2.21923 2.16781 2.11684 2.06635 2.01638 1.96698 1.91818 1.87003 1.82258 1.77589 1.73003 1.68505 1.64104 1.59806 1.55621 1.51559 1.47628 1.4384 1.40207 1.36741 1.33454 1.30361 1.27476 1.24812 1.22385 1.20208 1.18296 1.16662 1.15317 1.14272 1.13534 1.13111 1.13 1.13 1.13 1.13 1.13 1.13 1.13 1.13 1.13 1.13 1.13 1.13 1.13 1.13 1.13 1.13 1.13 1.13 1.13 1.13 1.13 1.13 1.13 1.13 1.13 1.13 1.13 1.13 1.13 1.13 1.13 1.13 1.13 1.13 1.13111 1.13534 1.14272 1.15317 1.16662 1.18296 1.20208 1.22385 1.24812 1.27476 1.30361 1.33454 1.36741 1.40207 1.4384 1.47628 1.51559 1.55621 1.59806 1.64104 1.68505 1.73003 1.77589 1.82258 1.87003 1.91818 1.96698 2.01638 2.06635 2.11684 2.16781 2.21923
2.24183 2.18929 2.13715 2.08543 2.03416 1.98338 1.93313 1.88345 1.83439 1.786 1.73833 1.69145 1.64542 1.60031 1.55621 1.51321 1.47139 1.43087 1.39176 1.35418 1.31826 1.28413 1.25196 1.22188 1.19407 1.16867 1.14586 1.12579 1.1086 1.09444 1.08342 1.07564 1.07117 1.07 1.07 1.07 1.07 1.07 1.07 1.07 1.07 1.07 1.07 1.07 1.07 1.07 1.07 1.07 1.07 1.07 1.07 1.07 1.07 1.07 1.07 1.07 1.07 1.07 1.07 1.07 1.07 1.07 1.07 1.07 1.07 1.07 1.07 1.07117 1.07564 1.08342 1.09444 1.1086 1.12579 1.14586 1.16867 1.19407 1.22188 1.25196 1.28413 1.31826 1.35418 1.39176 1.43087 1.47139 1.51321 1.55621 1.60031 1.64542 1.69145 1.73833 1.786 1.83439 1.88345 1.93313 1.98338 2.03416 2.08543 2.13715 2.18929
2.21382 2.1606 2.10775 2.05529 2.00325 1.95167 1.90058 1.85003 1.80006 1.75071 1.70206 1.65415 1.60705 1.56083 1.51559 1.47139 1.42836 1.38658 1.34618 1.30729 1.27004 1.23458 1.20108 1.1697 1.14061 1.114 1.09005 1.06892 1.05081 1.03586 1.02421 1.01597 1.01124 1.01 1.01 1.01 1.01 1.01 1.01 1.01 1.01 1.01 1.01 1.01 1.01 1.01 1.01 1.01 1.01 1.01 1.01 1.01 1.01 1.01 1.01 1.01 1.01 1.01 1.01 1.01 1.01 1.01 1.01 1.01 1.01 1.01 1.01 1.01124 1.01597 1.02421 1.03586 1.05081 1.06892 1.09005 1.114 1.14061 1.1697 1.20108 1.23458 1.27004 1.30729 1.34618 1.38658 1.42836 1.47139 1.51559 1.56083 1.60705 1.65415 1.70206 1.75071 1.80006 1.85003 1.90058 1.95167 2.00325 2.05529 2.10775 2.1606
2.1871 2.13321 2.07966 2.02647 1.97368 1.9213 1.86939 1.81797 1.76709 1.7168 1.66715 1.61821 1.57003 1.5227 1.47628 1.43087 1.38658 1.3435 1.30177 1.26151 1.22287 1.186 1.15109 1.1183 1.08784 1.05991 1.0347 1.01242 0.993277 0.977446 0.965091 0.956347 0.951315 0.95 0.95 0.95 0.95 0.95 0.95 0.95 0.95 0.95 0.95 0.95 0.95 0.95 0.95 0.95 0.95 0.95 0.95 0.95 0.95 0.95 0.95 0.95 0.95 0.95 0.95 0.95 0.95 0.95 0.95 0.95 0.95 0.95 0.95 0.951315 0.956347 0.965091 0.977446 0.993277 1.01242 1.0347 1.05991 1.08784 1.1183 1.15109 1.186 1.22287 1.26151 1.30177 1.3435 1.38658 1.43087 1.47628 1.52269 1.57003 1.61821 1.66715 1.7168 1.76709 1.81797 1.86938 1.9213 1.97368 2.02647 2.07966 2.13321
2.16171 2.10718 2.05295 1.99905 1.94551 1.89235 1.83962 1.78734 1.73557 1.68434 1.63371 1.58373 1.53447 1.486 1.4384 1.39176 1.34618 1.30177 1.25865 1.21696 1.17686 1.13851 1.10209 1.0678 1.03586 1.00648 0.979898 0.956347 0.936056 0.919239 0.906091 0.896772 0.891403 0.89 0.89 0.89 0.89 0.89 0.89 0.89 0.89 0.89 0.89 0.89 0.89 0.89 0.89 0.89 0.89 0.89 0.89 0.89 0.89 0.89 0.89 0.89 0.89 0.89 0.89 0.89 0.89 0.89 0.89 0.89 0.89 0.89 0.89 0.891403 0.896772 0.906091 0.919239 0.936056 0.956347 0.979898 1.00648 1.03586 1.0678 1.10209 1.13851 1.17686 1.21696 1.25865 1.30177 1.34618 1.39176 1.4384 1.486 1.53447 1.58373 1.63371 1.68434 1.73557 1.78734 1.83962 1.89235 1.94551 1.99905 2.05295 2.10718
2.13771 2.08255 2.02766 1.97307 1.9188 1.86489 1.81135 1.75824 1.70558 1.65342 1.60181 1.55081 1.50047 1.45086 1.40207 1.35418 1.30729 1.26151 1.21696 1.1738 1.13217 1.09225 1.05423 1.01833 0.984784 0.953834 0.925743 0.900777 0.879204 0.861278 0.847231 0.837257 0.831505 0.83 0.83 0.83 0.83 0.83 0.83 0.83 0.83 0.83 0.83 0.83 0.83 0.83 0.83 0.83 0.83 0.83 0.83 0.83 0.83 0.83 0.83 0.83 0.83 0.83 0.83 0.83 0.83 0.83 0.83 0.83 0.83 0.83 0.83 0.831505 0.837257 0.847231 0.861278 0.879204 0.900777 0.925743 0.953834 0.984784 1.01833 1.05423 1.09225 1.13217 1.1738 1.21696 1.26151 1.30729 1.35418 1.40207 1.45086 1.50047 1.55081 1.60181 1.65342 1.70558 1.75824 1.81135 1.86489 1.9188 1.97307 2.02766 2.08255
2.11514 2.05937 2.00385 1.94859 1.89362 1.83897 1.78466 1.73072 1.6772 1.62413 1.57156 1.51954 1.46813 1.41739 1.36741 1.31826 1.27004 1.22287 1.17686 1.13217 1.08894 1.04738 1.00767 0.970052 0.934773 0.902109 0.872353 0.845813 0.8228 0.803617 0.788543 0.777818 0.771622 0.77 0.77 0.77 0.77 0.77 0.77 0.77 0.77 0.77 0.77 0.77 0.77 0.77 0.77 0.77 0.77 0.77 0.77 0.77 0.77 0.77 0.77 0.77 0.77 0.77 0.77 0.77 0.77 0.77 0.77 0.77 0.77 0.77 0.77 0.771622 0.777818 0.788543 0.803617 0.8228 0.845813 0.872353 0.902109 0.934773 0.970052 1.00767 1.04738 1.08894 1.13217 1.17686 1.22287 1.27004 1.31826 1.36741 1.41739 1.46813 1.51954 1.57156 1.62413 1.6772 1.73072 1.78466 1.83897 1.89362 1.94859 2.00385 2.05937
2.09404 2.03769 1.98157 1.92567 1.87003 1.81466 1.7596 1.70488 1.65052 1.59656 1.54305 1.49003 1.43757 1.38571 1.33454 1.28413 1.23458 1.186 1.13851 1.09225 1.04738 1.00409 0.962601 0.923147 0.886002 0.851469 0.819878 0.791581 0.766942 0.746324 0.730069 0.718471 0.711758 0.71 0.71 0.71 0.71 0.71 0.71 0.71 0.71 0.71 0.71 0.71 0.71 0.71 0.71 0.71 0.71 0.71 0.71 0.71 0.71 0.71 0.71 0.71 0.71 0.71 0.71 0.71 0.71 0.71 0.71 0.71 0.71 0.71 0.71 0.711758 0.718471 0.730069 0.746324 0.766942 0.791581 0.819878 0.851469 0.886002 0.923147 0.962601 1.00409 1.04738 1.09225 1.13851 1.186 1.23458 1.28413 1.33454 1.38571 1.43757 1.49003 1.54305 1.59656 1.65052 1.70488 1.7596 1.81466 1.87003 1.92567 1.98156 2.03769
2.07446 2.01757 1.96087 1.90436 1.84808 1.79204 1.73626 1.68077 1.62561 1.5708 1.51638 1.4624 1.4089 1.35595 1.30361 1.25196 1.20108 1.15109 1.10209 1.05423 1.00767 0.962601 0.919239 0.877838 0.83869 0.802122 0.768505 0.738241 0.711759 0.689493 0.671863 0.659242 0.65192 0.65 0.65 0.65 0.65 0.65 0.65 0.65 0.65 0.65 0.65 0.65 0.65 0.65 0.65 0.65 0.65 0.65 0.65 0.65 0.65 0.65 0.65 0.65 0.65 0.65 0.65 0.65 0.65 0.65 0.65 0.65 0.65 0.65 0.65 0.65192 0.659242 0.671863 0.689493 0.711758 0.738241 0.768505 0.802122 0.83869 0.877838 0.919239 0.962601 1.00767 1.05423 1.10209 1.15109 1.20108 1.25196 1.30361 1.35595 1.4089 1.4624 1.51638 1.5708 1.62561 1.68077 1.73626 1.79204 1.84808 1.90436 1.96087 2.01757
2.05645 1.99905 1.9418 1.88473 1.82784 1.77116 1.7147 1.65849 1.60256 1.54693 1.49164 1.43673 1.38224 1.32823 1.27476 1.22188 1.1697 1.1183 1.0678 1.01833 0.970052 0.923147 0.877838 0.834386 0.793095 0.754321 0.718471 0.686003 0.657419 0.633246 0.614003 0.600167 0.592115 0.59 0.59 0.59 0.59 0.59 0.59 0.59 0.59 0.59 0.59 0.59 0.59 0.59 0.59 0.59 0.59 0.59 0.59 0.59 0.59 0.59 0.59 0.59 0.59 0.59 0.59 0.59 0.59 0.59 0.59 0.59 0.59 0.59 0.59 0.592115 0.600167 0.614003 0.633246 0.657419 0.686003 0.718471 0.754321 0.793095 0.834386 0.877838 0.923147 0.970051 1.01833 1.0678 1.1183 1.1697 1.22188 1.27475 1.32823 1.38224 1.43673 1.49164 1.54693 1.60256 1.65849 1.7147 1.77116 1.82784 1.88473 1.9418 1.99905
2.04005 1.98217 1.92442 1.86682 1.80936 1.75208 1.69499 1.63811 1.58145 1.52506 1.46895 1.41315 1.35772 1.30269 1.24812 1.19407 1.14061 1.08784 1.03586 0.984784 0.934773 0.886002 0.83869 0.793095 0.749533 0.708378 0.670075 0.635138 0.604152 0.577754 0.556597 0.541295 0.532353 0.53 0.53 0.53 0.53 0.53 0.53 0.53 0.53 0.53 0.53 0.53 0.53 0.53 0.53 0.53 0.53 0.53 0.53 0.53 0.53 0.53 0.53 0.53 0.53 0.53 0.53 0.53 0.53 0.53 0.53 0.53 0.53 0.53 0.53 0.532353 0.541295 0.556597 0.577754 0.604152 0.635138 0.670075 0.708378 0.749533 0.793095 0.838689 0.886002 0.934773 0.984784 1.03586 1.08784 1.14061 1.19407 1.24812 1.30269 1.35772 1.41315 1.46894 1.52506 1.58145 1.63811 1.69499 1.75208 1.80936 1.86682 1.92442 1.98217
2.02529 1.96698 1.90877 1.85068 1.79271 1.73488 1.6772 1.61969 1.56237 1.50526 1.44838 1.39176 1.33544 1.27945 1.22385 1.16867 1.114 1.05991 1.00648 0.953834 0.902109 0.851469 0.802122 0.754321 0.708378 0.66468 0.623699 0.586003 0.552268 0.523259 0.4998 0.482701 0.472652 0.47 0.47 0.47 0.47 0.47 0.47 0.47 0.47 0.47 0.47 0.47 0.47 0.47 0.47 0.47 0.47 0.47 0.47 0.47 0.47 0.47 0.47 0.47 0.47 0.47 0.47 0.47 0.47 0.47 0.47 0.47 0.47 0.47 0.47 0.472652 0.482701 0.4998 0.523259 0.552268 0.586003 0.623699 0.66468 0.708378 0.754321 0.802122 0.851469 0.902108 0.953834 1.00648 1.05991 1.114 1.16867 1.22385 1.27945 1.33544 1.39176 1.44838 1.50526 1.56237 1.61969 1.6772 1.73488 1.79271 1.85068 1.90877 1.96698
2.01221 1.95351 1.89489 1.83636 1.77792 1.71959 1.66139 1.60331 1.54538 1.48762 1.43004 1.37266 1.31552 1.25865 1.20208 1.14586 1.09005 1.0347 0.979898 0.925743 0.872353 0.819878 0.768505 0.718471 0.670075 0.623699 0.579828 0.539073 0.502195 0.470106 0.443847 0.4245 0.413038 0.41 0.41 0.41 0.41 0.41 0.41 0.41 0.41 0.41 0.41 0.41 0.41 0.41 0.41 0.41 0.41 0.41 0.41 0.41 0.41 0.41 0.41 0.41 0.41 0.41 0.41 0.41 0.41 0.41 0.41 0.41 0.41 0.41 0.41 0.413038 0.4245 0.443847 0.470106 0.502195 0.539073 0.579828 0.623699 0.670075 0.718471 0.768505 0.819878 0.872353 0.925743 0.979898 1.0347 1.09005 1.14586 1.20208 1.25865 1.31552 1.37266 1.43003 1.48762 1.54538 1.60331 1.66138 1.71959 1.77792 1.83635 1.89489 1.95351
2.00085 1.9418 1.88282 1.8239 1.76505 1.70628 1.6476 1.58902 1.53056 1.47221 1.414 1.35595 1.29808 1.2404 1.18296 1.12579 1.06892 1.01242 0.956347 0.900777 0.845813 0.791581 0.738241 0.686003 0.635138 0.586003 0.539073 0.494975 0.454533 0.418808 0.389102 0.366879 0.353553 0.35 0.35 0.35 0.35 0.35 0.35 0.35 0.35 0.35 0.35 0.35 0.35 0.35 0.35 0.35 0.35 0.35 0.35 0.35 0.35 0.35 0.35 0.35 0.35 0.35 0.35 0.35 0.35 0.35 0.35 0.35 0.35 0.35 0.35 0.353553 0.366879 0.389102 0.418808 0.454533 0.494975 0.539073 0.586003 0.635138 0.686003 0.738241 0.79158 0.845813 0.900777 0.956347 1.01242 1.06892 1.12579 1.18296 1.2404 1.29808 1.35595 1.414 1.47221 1.53056 1.58902 1.6476 1.70628 1.76505 1.8239 1.88282 1.9418
1.99123 1.93189 1.87259 1.81334 1.75414 1.69499 1.63591 1.5769 1.51796 1.45911 1.40036 1.34172 1.2832 1.22483 1.16662 1.1086 1.05081 0.993277 0.936056 0.879204 0.8228 0.766942 0.711759 0.657419 0.604152 0.552268 0.502195 0.454533 0.410122 0.370135 0.336155 0.310161 0.294279 0.29 0.29 0.29 0.29 0.29 0.29 0.29 0.29 0.29 0.29 0.29 0.29 0.29 0.29 0.29 0.29 0.29 0.29 0.29 0.29 0.29 0.29 0.29 0.29 0.29 0.29 0.29 0.29 0.29 0.29 0.29 0.29 0.29 0.29 0.294279 0.310161 0.336155 0.370135 0.410122 0.454533 0.502195 0.552268 0.604152 0.657419 0.711758 0.766942 0.8228 0.879204 0.936055 0.993277 1.05081 1.1086 1.16662 1.22483 1.2832 1.34172 1.40036 1.45911 1.51796 1.5769 1.63591 1.69499 1.75414 1.81334 1.87259 1.93189
1.98338 1.9238 1.86424 1.80472 1.74522 1.68576 1.62635 1.56697 1.50765 1.44838 1.38917 1.33004 1.27098 1.21202 1.15317 1.09444 1.03586 0.977446 0.919239 0.861278 0.803617 0.746324 0.689493 0.633246 0.577754 0.523259 0.470106 0.418808 0.370135 0.325269 0.286007 0.254951 0.235372 0.23 0.23 0.23 0.23 0.23 0.23 0.23 0.23 0.23 0.23 0.23 0.23 0.23 0.23 0.23 0.23 0.23 0.23 0.23 0.23 0.23 0.23 0.23 0.23 0.23 0.23 0.23 0.23 0.23 0.23 0.23 0.23 0.23 0.23 0.235372 0.254951 0.286007 0.325269 0.370135 0.418808 0.470106 0.523259 0.577754 0.633246 0.689492 0.746324 0.803617 0.861278 0.919238 0.977446 1.03586 1.09444 1.15317 1.21202 1.27098 1.33004 1.38917 1.44838 1.50765 1.56697 1.62635 1.68576 1.74522 1.80472 1.86424 1.9238
1.97732 1.91755 1.85779 1.79805 1.73833 1.67863 1.61895 1.55929 1.49967 1.44007 1.38051 1.32098 1.26151 1.20208 1.14272 1.08342 1.02421 0.965091 0.906091 0.847231 0.788543 0.730069 0.671863 0.614003 0.556597 0.4998 0.443847 0.389102 0.336155 0.286007 0.240416 0.202485 0.177201 0.17 0.17 0.17 0.17 0.17 0.17 0.17 0.17 0.17 0.17 0.17 0.17 0.17 0.17 0.17 0.17 0.17 0.17 0.17 0.17 0.17 0.17 0.17 0.17 0.17 0.17 0.17 0.17 0.17 0.17 0.17 0.17 0.17 0.17 0.177201 0.202485 0.240416 0.286007 0.336155 0.389101 0.443847 0.4998 0.556597 0.614003 0.671863 0.730068 0.788543 0.84723 0.90609 0.965091 1.02421 1.08342 1.14272 1.20208 1.26151 1.32098 1.38051 1.44007 1.49967 1.55929 1.61895 1.67863 1.73833 1.79805 1.85779 1.91755
1.97307 1.91316 1.85327 1.79338 1.73349 1.67362 1.61375 1.5539 1.49405 1.43422 1.37441 1.31461 1.25483 1.19507 1.13534 1.07564 1.01597 0.956347 0.896772 0.837257 0.777818 0.718471 0.659242 0.600167 0.541295 0.482701 0.4245 0.366879 0.310161 0.254951 0.202485 0.155564 0.12083 0.11 0.11 0.11 0.11 0.11 0.11 0.11 0.11 0.11 0.11 0.11 0.11 0.11 0.11 0.11 0.11 0.11 0.11 0.11 0.11 0.11 0.11 0.11 0.11 0.11 0.11 0.11 0.11 0.11 0.11 0.11 0.11 0.11 0.11 0.12083 0.155563 0.202484 0.254951 0.310161 0.366878 0.4245 0.482701 0.541295 0.600167 0.659242 0.71847 0.777817 0.837257 0.896772 0.956347 1.01597 1.07564 1.13534 1.19507 1.25483 1.31461 1.37441 1.43422 1.49405 1.5539 1.61375 1.67362 1.73349 1.79338 1.85327 1.91316
1.97063 1.91065 1.85068 1.7907 1.73072 1.67075 1.61078 1.55081 1.49084 1.43087 1.37091 1.31095 1.251 1.19105 1.13111 1.07117 1.01124 0.951315 0.891403 0.831505 0.771622 0.711758 0.65192 0.592115 0.532353 0.472652 0.413038 0.353553 0.294279 0.235372 0.177201 0.12083 0.0707108 0.0500001 0.0500001 0.0500001 0.0500001 0.0500001 0.0500001 0.0500001 0.0500001 0.0500001 0.0500001 0.0500001 0.0500001 0.0500001 0.0500001 0.0500001 0.0500001 0.0500001 0.0500001 0.0500001 0.0500001 0.0500001 0.0500001 0.0500001 0.0500001 0.0500001 0.0500001 0.0500001 0.0500001 0.0500001 0.0500001 0.0500001 0.0500001 0.0500001 0.0500001 0.0707107 0.12083 0.1772 0.235372 0.294279 0.353553 0.413038 0.472652 0.532353 0.592115 0.65192 0.711758 0.771621 0.831504 0.891403 0.951315 1.01124 1.07117 1.13111 1.19105 1.251 1.31095 1.37091 1.43087 1.49084 1.55081 1.61078 1.67075 1.73072 1.7907 1.85068 1.91065
1.97 1.91 1.85 1.79 1.73 1.67 1.61 1.55 1.49 1.43 1.37 1.31 1.25 1.19 1.13 1.07 1.01 0.95 0.89 0.83 0.77 0.71 0.65 0.59 0.53 0.47 0.41 0.35 0.29 0.23 0.17 0.11 0.0500001 -0.00999987 -0.00999987 -0.00999987 -0.00999987 -0.00999987 -0.00999987 -0.00999987 -0.00999987 -0.00999987 -0.00999987 -0.00999987 -0.00999987 -0.00999987 -0.00999987 -0.00999987 -0.00999987 -0.00999987 -0.00999987 -0.00999987 -0.00999987 -0.00999987 -0.00999987 -0.00999987 -0.00999987 -0.00999987 -0.00999987 -0.00999987 -0.00999987 -0.00999987 -0.00999987 -0.00999987 -0.00999987 -0.00999987 -0.00999987 0.05 0.11 0.17 0.23 0.29 0.35 0.41 0.47 0.53 0.59 0.65 0.71 0.77 0.83 0.89 0.95 1.01 1.07 1.13 1.19 1.25 1.31 1.37 1.43 1.49 1.55 1.61 1.67 1.73 1.79 1.85 1.91
1.97 1.91 1.85 1.79 1.73 1.67 1.61 1.55 1.49 1.43 1.37 1.31 1.25 1.19 1.13 1.07 1.01 0.95 0.89 0.83 0.77 0.71 0.65 0.59 0.53 0.47 0.41 0.35 0.29 0.23 0.17 0.11 0.0500001 -0.00999987 -0.0699999 -0.0699999 -0.0699999 -0.0699999 -0.0699999 -0.0699999 -0.0699999 -0.0699999 -0.0699999 -0.0699999 -0.0699999 -0.0699999 -0.0699999 -0.0699999 -0.0699999 -0.0699999 -0.0699999 -0.0699999 -0.0699999 -0.0699999 -0.0699999 -0.0699999 -0.0699999 -0.0699999 -0.0699999 -0.0699999 -0.0699999 -0.0699999 -0.0699999 -0.0699999 -0.0699999 -0.0699999 -0.0100002 0.05 0.11 0.17 0.23 0.29 0.35 0.41 0.47 0.53 0.59 0.65 0.71 0.77 0.83 0.89 0.95 1.01 1.07 1.13 1.19 1.25 1.31 1.37 1.43 1.49 1.55 1.61 1.67 1.73 1.79 1.85 1.91
1.97 1.91 1.85 1.79 1.73 1.67 1.61 1.55 1.49 1.43 1.37 1.31 1.25 1.19 1.13 1.07 1.01 0.95 0.89 0.83 0.77 0.71 0.65 0.59 0.53 0.47 0.41 0.35 0.29 0.23 0.17 0.11 0.0500001 -0.00999987 -0.0699999 -0.13 -0.13 -0.13 -0.13 -0.13 -0.13 -0.13 -0.13 -0.13 -0.13 -0.13 -0.13 -0.13 -0.13 -0.13 -0.13 -0.13 -0.13 -0.13 -0.13 -0.13 -0.13 -0.13 -0.13 -0.13 -0.13 -0.13 -0.13 -0.13 -0.13 -0.0700002 -0.0100002 0.05 0.11 0.17 0.23 0.29 0.35 0.41 0.47 0.53 0.59 0.65 0.71 0.77 0.83 0.89 0.95 1.01 1.07 1.13 1.19 1.25 1.31 1.37 1.43 1.49 1.55 1.61 1.67 1.73 1.79 1.85 1.91
1.97 1.91 1.85 1.79 1.73 1.67 1.61 1.55 1.49 1.43 1.37 1.31 1.25 1.19 1.13 1.07 1.01 0.95 0.89 0.83 0.77 0.71 0.65 0.59 0.53 0.47 0.41 0.35 0.29 0.23 0.17 0.11 0.0500001 -0.00999987 -0.0699999 -0.13 -0.19 -0.19 -0.19 -0.19 -0.19 -0.19 -0.19 -0.19 -0.19 -0.19 -0.19 -0.19 -0.19 -0.19 -0.19 -0.19 -0.19 -0.19 -0.19 -0.19 -0.19 -0.19 -0.19 -0.19 -0.19 -0.19 -0.19 -0.19 -0.13 -0.0700002 -0.0100002 0.05 0.11 0.17 0.23 0.29 0.35 0.41 0.47 0.53 0.59 0.65 0.71 0.77 0.83 0.89 0.95 1.01 1.07 1.13 1.19 1.25 1.31 1.37 1.43 1.49 1.55 1.61 1.67 1.73 1.79 1.85 1.91
1.97 1.91 1.85 1.79 1.73 1.67 1.61 1.55 1.49 1.43 1.37 1.31 1.25 1.19 1.13 1.07 1.01 0.95 0.89 0.83 0.77 0.71 0.65 0.59 0.53 0.47 0.41 0.35 0.29 0.23 0.17 0.11 0.0500001 -0.00999987 -0.0699999 -0.13 -0.19 -0.25 -0.25 -0.25 -0.25 -0.25 -0.25 -0.25 -0.25 -0.25 -0.25 -0.25 -0.25 -0.25 -0.25 -0.25 -0.25 -0.25 -0.25 -0.25 -0.25 -0.25 -0.25 -0.25 -0.25 -0.25 -0.25 -0.19 -0.13 -0.0700002 -0.0100002 0.05 0.11 0.17 0.23 0.29 0.35 0.41 0.47 0.53 0.59 0.65 0.71 0.77 0.83 0.89 0.95 1.01 1.07 1.13 1.19 1.25 1.31 1.37 1.43 1.49 1.55 1.61 1.67 1.73 1.79 1.85 1.91
1.97 1.91 1.85 1.79 1.73 1.67 1.61 1.55 1.49 1.43 1.37 1.31 1.25 1.19 1.13 1.07 1.01 0.95 0.89 0.83 0.77 0.71 0.65 0.59 0.53 0.47 0.41 0.35 0.29 0.23 0.17 0.11 0.0500001 -0.00999987 -0.0699999 -0.13 -0.19 -0.25 -0.31 -0.31 -0.31 -0.31 -0.31 -0.31 -0.31 -0.31 -0.31 -0.31 -0.31 -0.31 -0.31 -0.31 -0.31 -0.31 -0.31 -0.31 -0.31 -0.31 -0.31 -0.31 -0.31 -0.31 -0.25 -0.19 -0.13 -0.0700002 -0.0100002 0.05 0.11 0.17 0.23 0.29 0.35 0.41 0.47 0.53 0.59 0.65 0.71 0.77 0.83 0.89 0.95 1.01 1.07 1.13 1.19 1.25 1.31 1.37 1.43 1.49 1.55 1.61 1.67 1.73 1.79 1.85 1.91
1.97 1.91 1.85 1.79 1.73 1.67 1.61 1.55 1.49 1.43 1.37 1.31 1.25 1.19 1.13 1.07 1.01 0.95 0.89 0.83 0.77 0.71 0.65 0.59 0.53 0.47 0.41 0.35 0.29 0.23 0.17 0.11 0.0500001 -0.00999987 -0.0699999 -0.13 -0.19 -0.25 -0.31 -0.37 -0.37 -0.37 -0.37 -0.37 -0.37 -0.37 -0.37 -0.37 -0.37 -0.37 -0.37 -0.37 -0.37 -0.37 -0.37 -0.37 -0.37 -0.37 -0.37 -0.37 -0.37 -0.31 -0.25 -0.19 -0.13 -0.0700002 -0.0100002 0.05 0.11 0.17 0.23 0.29 0.35 0.41 0.47 0.53 0.59 0.65 0.71 0.77 0.83 0.89 0.95 1.01 1.07 1.13 1.19 1.25 1.31 1.37 1.43 1.49 1.55 1.61 1.67 1.73 1.79 1.85 1.91
1.97 1.91 1.85 1.79 1.73 1.67 1.61 1.55 1.49 1.43 1.37 1.31 1.25 1.19 1.13 1.07 1.01 0.95 0.89 0.83 0.77 0.71 0.65 0.59 0.53 0.47 0.41 0.35 0.29 0.23 0.17 0.11 0.0500001 -0.00999987 -0.0699999 -0.13 -0.19 -0.25 -0.31 -0.37 -0.43 -0.43 -0.43 -0.43 -0.43 -0.43 -0.43 -0.43 -0.43 -0.43 -0.43 -0.43 -0.43 -0.43 -0.43 -0.43 -0.43 -0.43 -0.43 -0.43 -0.37 -0.31 -0.25 -0.19 -0.13 -0.0700002 -0.0100002 0.05 0.11 0.17 0.23 0.29 0.35 0.41 0.47 0.53 0.59 0.65 0.71 0.77 0.83 0.89 0.95 1.01 1.07 1.13 1.19 1.25 1.31 1.37 1.43 1.49 1.55 1.61 1.67 1.73 1.79 1.85 1.91
1.97 1.91 1.85 1.79 1.73 1.67 1.61 1.55 1.49 1.43 1.37 1.31 1.25 1.19 1.13 1.07 1.01 0.95 0.89 0.83 0.77 0.71 0.65 0.59 0.53 0.47 0.41 0.35 0.29 0.23 0.17 0.11 0.0500001 -0.00999987 -0.0699999 -0.13 -0.19 -0.25 -0.31 -0.37 -0.43 -0.49 -0.49 -0.49 -0.49 -0.49 -0.49 -0.49 -0.49 -0.49 -0.49 -0.49 -0.49 -0.49 -0.49 -0.49 -0.49 -0.49 -0.49 -0.43 -0.37 -0.31 -0.25 -0.19 -0.13 -0.0700002 -0.0100002 0.05 0.11 0.17 0.23 0.29 0.35 0.41 0.47 0.53 0.59 0.65 0.71 0.77 0.83 0.89 0.95 1.01 1.07 1.13 1.19 1.25 1.31 1.37 1.43 1.49 1.55 1.61 1.67 1.73 1.79 1.85 1.91
1.97 1.91 1.85 1.79 1.73 1.67 1.61 1.55 1.49 1.43 1.37 1.31 1.25 1.19 1.13 1.07 1.01 0.95 0.89 0.83 0.77 0.71 0.65 0.59 0.53 0.47 0.41 0.35 0.29 0.23 0.17 0.11 0.0500001 -0.00999987 -0.0699999 -0.13 -0.19 -0.25 -0.31 -0.37 -0.43 -0.49 -0.55 -0.55 -0.55 -0.55 -0.55 -0.55 -0.55 -0.55 -0.55 -0.55 -0.55 -0.55 -0.55 -0.55 -0.55 -0.55 -0.49 -0.43 -0.37 -0.31 -0.25 -0.19 -0.13 -0.0700002 -0.0100002 0.05 0.11 0.17 0.23 0.29 0.35 0.41 0.47 0.53 0.59 0.65 0.71 0.77 0.83 0.89 0.95 1.01 1.07 1.13 1.19 1.25 1.31 1.37 1.43 1.49 1.55 1.61 1.67 1.73 1.79 1.85 1.91
1.97 1.91 1.85 1.79 1.73 1.67 1.61 1.55 1.49 1.43 1.37 1.31 1.25 1.19 1.13 1.07 1.01 0.95 0.89 0.83 0.77 0.71 0.65 0.59 0.53 0.47 0.41 0.35 0.29 0.23 0.17 0.11 0.0500001 -0.00999987 -0.0699999 -0.13 -0.19 -0.25 -0.31 -0.37 -0.43 -0.49 -0.55 -0.61 -0.61 -0.61 -0.61 -0.61 -0.61 -0.61 -0.61 -0.61 -0.61 -0.61 -0.61 -0.61 -0.61 -0.55 -0.49 -0.43 -0.37 -0.31 -0.25 -0.19 -0.13 -0.0700002 -0.0100002 0.05 0.11 0.17 0.23 0.29 0.35 0.41 0.47 0.53 0.59 0.65 0.71 0.77 0.83 0.89 0.95 1.01 1.07 1.13 1.19 1.25 1.31 1.37 1.43 1.49 1.55 1.61 1.67 1.73 1.79 1.85 1.91
1.97 1.91 1.85 1.79 1.73 1.67 1.61 1.55 1.49 1.43 1.37 1.31 1.25 1.19 1.13 1.07 1.01 0.95 0.89 0.83 0.77 0.71 0.65 0.59 0.53 0.47 0.41 0.35 0.29 0.23 0.17 0.11 0.0500001 -0.00999987 -0.0699999 -0.13 -0.19 -0.25 -0.31 -0.37 -0.43 -0.49 -0.55 -0.61 -0.67 -0.67 -0.67 -0.67 -0.67 -0.67 -0.67 -0.67 -0.67 -0.67 -0.67 -0.67 -0.61 -0.55 -0.49 -0.43 -0.37 -0.31 -0.25 -0.19 -0.13 -0.0700002 -0.0100002 0.05 0.11 0.17 0.23 0.29 0.35 0.41 0.47 0.53 0.59 0.65 0.71 0.77 0.83 0.89 0.95 1.01 1.07 1.13 1.19 1.25 1.31 1.37 1.43 1.49 1.55 1.61 1.67 1.73 1.79 1.85 1.91
1.97 1.91 1.85 1.79 1.73 1.67 1.61 1.55 1.49 1.43 1.37 1.31 1.25 1.19 1.13 1.07 1.01 0.95 0.89 0.83 0.77 0.71 0.65 0.59 0.53 0.47 0.41 0.35 0.29 0.23 0.17 0.11 0.0500001 -0.00999987 -0.0699999 -0.13 -0.19 -0.25 -0.31 -0.37 -0.43 -0.49 -0.55 -0.61 -0.67 -0.73 -0.73 -0.73 -0.73 -0.73 -0.73 -0.73 -0.73 -0.73 -0.73 -0.67 -0.61 -0.55 -0.49 -0.43 -0.37 -0.31 -0.25 -0.19 -0.13 -0.0700002 -0.0100002 0.05 0.11 0.17 0.23 0.29 0.35 0.41 0.47 0.53 0.59 0.65 0.71 0.77 0.83 0.89 0.95 1.01 1.07 1.13 1.19 1.25 1.31 1.37 1.43 1.49 1.55 1.61 1.67 1.73 1.79 1.85 1.91
1.97 1.91 1.85 1.79 1.73 1.67 1.61 1.55 1.49 1.43 1.37 1.31 1.25 1.19 1.13 1.07 1.01 0.95 0.89 0.83 0.77 0.71 0.65 0.59 0.53 0.47 0.41 0.35 0.29 0.23 0.17 0.11 0.0500001 -0.00999987 -0.0699999 -0.13 -0.19 -0.25 -0.31 -0.37 -0.43 -0.49 -0.55 -0.61 -0.67 -0.73 -0.79 -0.79 -0.79 -0.79 -0.79 -0.79 -0.79 -0.79 -0.73 -0.67 -0.61 -0.55 -0.49 -0.43 -0.37 -0.31 -0.25 -0.19 -0.13 -0.0700002 -0.0100002 0.05 0.11 0.17 0.23 0.29 0.35 0.41 0.47 0.53 0.59 0.65 0.71 0.77 0.83 0.89 0.95 1.01 1.07 1.13 1.19 1.25 1.31 1.37 1.43 1.49 1.55 1.61 1.67 1.73 1.79 1.85 1.91
1.97 1.91 1.85 1.79 1.73 1.67 1.61 1.55 1.49 1.43 1.37 1.31 1.25 1.19 1.13 1.07 1.01 0.95 0.89 0.83 0.77 0.71 0.65 0.59 0.53 0.47 0.41 0.35 0.29 0.23 0.17 0.11 0.0500001 -0.00999987 -0.0699999 -0.13 -0.19 -0.25 -0.31 -0.37 -0.43 -0.49 -0.55 -0.61 -0.67 -0.73 -0.79 -0.85 -0.85 -0.85 -0.85 -0.85 -0.85 -0.79 -0.73 -0.67 -0.61 -0.55 -0.49 -0.43 -0.37 -0.31 -0.25 -0.19 -0.13 -0.0700002 -0.0100002 0.05 0.11 0.17 0.23 0.29 0.35 0.41 0.47 0.53 0.59 0.65 0.71 0.77 0.83 0.89 0.95 1.01 1.07 1.13 1.19 1.25 1.31 1.37 1.43 1.49 1.55 1.61 1.67 1.73 1.79 1.85 1.91
1.97 1.91 1.85 1.79 1.73 1.67 1.61 1.55 1.49 1.43 1.37 1.31 1.25 1.19 1.13 1.07 1.01 0.95 0.89 0.83 0.77 0.71 0.65 0.59 0.53 0.47 0.41 0.35 0.29 0.23 0.17 0.11 0.0500001 -0.00999987 -0.0699999 -0.13 -0.19 -0.25 -0.31 -0.37 -0.43 -0.49 -0.55 -0.61 -0.67 -0.73 -0.79 -0.85 -0.91 -0.91 -0.91 -0.91 -0.85 -0.79 -0.73 -0.67 -0.61 -0.55 -0.49 -0.43 -0.37 -0.31 -0.25 -0.19 -0.13 -0.0700002 -0.0100002 0.05 0.11 0.17 0.23 0.29 0.35 0.41 0.47 0.53 0.59 0.65 0.71 0.77 0.83 0.89 0.95 1.01 1.07 1.13 1.19 1.25 1.31 1.37 1.43 1.49 1.55 1.61 1.67 1.73 1.79 1.85 1.91
1.97 1.91 1.85 1.79 1.73 1.67 1.61 1.55 1.49 1.43 1.37 1.31 1.25 1.19 1.13 1.07 1.01 0.95 0.89 0.83 0.77 0.71 0.65 0.59 0.53 0.47 0.41 0.35 0.29 0.23 0.17 0.11 0.0500001 -0.00999987 -0.0699999 -0.13 -0.19 -0.25 -0.31 -0.37 -0.43 -0.49 -0.55 -0.61 -0.67 -0.73 -0.79 -0.85 -0.91 -0.97 -0.97 -0.91 -0.85 -0.79 -0.73 -0.67 -0.61 -0.55 -0.49 -0.43 -0.37 -0.31 -0.25 -0.19 -0.13 -0.0700002 -0.0100002 0.05 0.11 0.17 0.23 0.29 0.35 0.41 0.47 0.53 0.59 0.65 0.71 0.77 0.83 0.89 0.95 1.01 1.07 1.13 1.19 1.25 1.31 1.37 1.43 1.49 1.55 1.61 1.67 1.73 1.79 1.85 1.91
1.97 1.91 1.85 1.79 1.73 1.67 1.61 1.55 1.49 1.43 1.37 1.31 1.25 1.19 1.13 1.07 1.01 0.95 0.89 0.83 0.77 0.71 0.65 0.59 0.53 0.47 0.41 0.35 0.29 0.23 0.17 0.11 0.0500001 -0.00999987 -0.0699999 -0.13 -0.19 -0.25 -0.31 -0.37 -0.43 -0.49 -0.55 -0.61 -0.67 -0.73 -0.79 -0.85 -0.91 -0.97 -0.97 -0.91 -0.85 -0.79 -0.73 -0.67 -0.61 -0.55 -0.49 -0.43 -0.37 -0.31 -0.25 -0.19 -0.13 -0.0700002 -0.0100002 0.05 0.11 0.17 0.23 0.29 0.35 0.41 0.47 0.53 0.59 0.65 0.71 0.77 0.83 0.89 0.95 1.01 1.07 1.13 1.19 1.25 1.31 1.37 1.43 1.49 1.55 1.61 1.67 1.73 1.79 1.85 1.91
1.97 1.91 1.85 1.79 1.73 1.67 1.61 1.55 1.49 1.43 1.37 1.31 1.25 1.19 1.13 1.07 1.01 0.95 0.89 0.83 0.77 0.71 0.65 0.59 0.53 0.47 0.41 0.35 0.29 0.23 0.17 0.11 0.0500001 -0.00999987 -0.0699999 -0.13 -0.19 -0.25 -0.31 -0.37 -0.43 -0.49 -0.55 -0.61 -0.67 -0.73 -0.79 -0.85 -0.91 -0.91 -0.91 -0.91 -0.85 -0.79 -0.73 -0.67 -0.61 -0.55 -0.49 -0.43 -0.37 -0.31 -0.25 -0.19 -0.13 -0.0700002 -0.0100002 0.05 0.11 0.17 0.23 0.29 0.35 0.41 0.47 0.53 0.59 0.65 0.71 0.77 0.83 0.89 0.95 1.01 1.07 1.13 1.19 1.25 1.31 1.37 1.43 1.49 1.55 1.61 1.67 1.73 1.79 1.85 1.91
1.97 1.91 1.85 1.79 1.73 1.67 1.61 1.55 1.49 1.43 1.37 1.31 1.25 1.19 1.13 1.07 1.01 0.95 0.89 0.83 0.77 0.71 0.65 0.59 0.53 0.47 0.41 0.35 0.29 0.23 0.17 0.11 0.0500001 -0.00999987 -0.0699999 -0.13 -0.19 -0.25 -0.31 -0.37 -0.43 -0.49 -0.55 -0.61 -0.67 -0.73 -0.79 -0.85 -0.85 -0.85 -0.85 -0.85 -0.85 -0.79 -0.73 -0.67 -0.61 -0.55 -0.49 -0.43 -0.37 -0.31 -0.25 -0.19 -0.13 -0.0700002 -0.0100002 0.05 0.11 0.17 0.23 0.29 0.35 0.41 0.47 0.53 0.59 0.65 0.71 0.77 0.83 0.89 0.95 1.01 1.07 1.13 1.19 1.25 1.31 1.37 1.43 1.49 1.55 1.61 1.67 1.73 1.79 1.85 1.91
1.97 1.91 1.85 1.79 1.73 1.67 1.61 1.55 1.49 1.43 1.37 1.31 1.25 1.19 1.13 1.07 1.01 0.95 0.89 0.83 0.77 0.71 0.65 0.59 0.53 0.47 0.41 0.35 0.29 0.23 0.17 0.11 0.0500001 -0.00999987 -0.0699999 -0.13 -0.19 -0.25 -0.31 -0.37 -0.43 -0.49 -0.55 -0.61 -0.67 -0.73 -0.79 -0.79 -0.79 -0.79 -0.79 -0.79 -0.79 -0.79 -0.73 -0.67 -0.61 -0.55 -0.49 -0.43 -0.37 -0.31 -0.25 -0.19 -0.13 -0.0700002 -0.0100002 0.05 0.11 0.17 0.23 0.29 0.35 0.41 0.47 0.53 0.59 0.65 0.71 0.77 0.83 0.89 0.95 1.01 1.07 1.13 1.19 1.25 1.31 1.37 1.43 1.49 1.55 1.61 1.67 1.73 1.79 1.85 1.91
1.97 1.91 1.85 1.79 1.73 1.67 1.61 1.55 1.49 1.43 1.37 1.31 1.25 1.19 1.13 1.07 1.01 0.95 0.89 0.83 0.77 0.71 0.65 0.59 0.53 0.47 0.41 0.35 0.29 0.23 0.17 0.11 0.0500001 -0.00999987 -0.0699999 -0.13 -0.19 -0.25 -0.31 -0.37 -0.43 -0.49 -0.55 -0.61 -0.67 -0.73 -0.73 -0.73 -0.73 -0.73 -0.73 -0.73 -0.73 -0.73 -0.73 -0.67 -0.61 -0.55 -0.49 -0.43 -0.37 -0.31 -0.25 -0.19 -0.13 -0.0700002 -0.0100002 0.05 0.11 0.17 0.23 0.29 0.35 0.41 0.47 0.53 0.59 0.65 0.71 0.77 0.83 0.89 0.95 1.01 1.07 1.13 1.19 1.25 1.31 1.37 1.43 1.49 1.55 1.61 1.67 1.73 1.79 1.85 1.91
1.97 1.91 1.85 1.79 1.73 1.67 1.61 1.55 1.49 1.43 1.37 1.31 1.25 1.19 1.13 1.07 1.01 0.95 0.89 0.83 0.77 0.71 0.65 0.59 0.53 0.47 0.41 0.35 0.29 0.23 0.17 0.11 0.0500001 -0.00999987 -0.0699999 -0.13 -0.19 -0.25 -0.31 -0.37 -0.43 -0.49 -0.55 -0.61 -0.67 -0.67 -0.67 -0.67 -0.67 -0.67 -0.67 -0.67 -0.67 -0.67 -0.67 -0.67 -0.61 -0.55 -0.49 -0.43 -0.37 -0.31 -0.25 -0.19 -0.13 -0.0700002 -0.0100002 0.05 0.11 0.17 0.23 0.29 0.35 0.41 0.47 0.53 0.59 0.65 0.71 0.77 0.83 0.89 0.95 1.01 1.07 1.13 1.19 1.25 1.31 1.37 1.43 1.49 1.55 1.61 1.67 1.73 1.79 1.85 1.91
1.97 1.91 1.85 1.79 1.73 1.67 1.61 1.55 1.49 1.43 1.37 1.31 1.25 1.19 1.13 1.07 1.01 0.95 0.89 0.83 0.77 0.71 0.65 0.59 0.53 0.47 0.41 0.35 0.29 0.23 0.17 0.11 0.0500001 -0.00999987 -0.0699999 -0.13 -0.19 -0.25 -0.31 -0.37 -0.43 -0.49 -0.55 -0.61 -0.61 -0.61 -0.61 -0.61 -0.61 -0.61 -0.61 -0.61 -0.61 -0.61 -0.61 -0.61 -0.61 -0.55 -0.49 -0.43 -0.37 -0.31 -0.25 -0.19 -0.13 -0.0700002 -0.0100002 0.05 0.11 0.17 0.23 0.29 0.35 0.41 0.47 0.53 0.59 0.65 0.71 0.77 0.83 0.89 0.95 1.01 1.07 1.13 1.19 1.25 1.31 1.37 1.43 1.49 1.55 1.61 1.67 1.73 1.79 1.85 1.91
1.97 1.91 1.85 1.79 1.73 1.67 1.61 1.55 1.49 1.43 1.37 1.31 1.25 1.19 1.13 1.07 1.01 0.95 0.89 0.83 0.77 0.71 0.65 0.59 0.53 0.47 0.41 0.35 0.29 0.23 0.17 0.11 0.0500001 -0.00999987 -0.0699999 -0.13 -0.19 -0.25 -0.31 -0.37 -0.43 -0.49 -0.55 -0.55 -0.55 -0.55 -0.55 -0.55 -0.55 -0.55 -0.55 -0.55 -0.55 -0.55 -0.55 -0.55 -0.55 -0.55 -0.49 -0.43 -0.37 -0.31 -0.25 -0.19 -0.13 -0.0700002 -0.0100002 0.05 0.11 0.17 0.23 0.29 0.35 0.41 0.47 0.53 0.59 0.65 0.71 0.77 0.83 0.89 0.95 1.01 1.07 1.13 1.19 1.25 1.31 1.37 1.43 1.49 1.55 1.61 1.67 1.73 1.79 1.85 1.91
1.97 1.91 1.85 1.79 1.73 1.67 1.61 1.55 1.49 1.43 1.37 1.31 1.25 1.19 1.13 1.07 1.01 0.95 0.89 0.83 0.77 0.71 0.65 0.59 0.53 0.47 0.41 0.35 0.29 0.23 0.17 0.11 0.0500001 -0.00999987 -0.0699999 -0.13 -0.19 -0.25 -0.31 -0.37 -0.43 -0.49 -0.49 -0.49 -0.49 -0.49 -0.49 -0.49 -0.49 -0.49 -0.49 -0.49 -0.49 -0.49 -0.49 -0.49 -0.49 -0.49 -0.49 -0.43 -0.37 -0.31 -0.25 -0.19 -0.13 -0.0700002 -0.0100002 0.05 0.11 0.17 0.23 0.29 0.35 0.41 0.47 0.53 0.59 0.65 0.71 0.77 0.83 0.89 0.95 1.01 1.07 1.13 1.19 1.25 1.31 1.37 1.43 1.49 1.55 1.61 1.67 1.73 1.79 1.85 1.91
1.97 1.91 1.85 1.79 1.73 1.67 1.61 1.55 1.49 1.43 1.37 1.31 1.25 1.19 1.13 1.07 1.01 0.95 0.89 0.83 0.77 0.71 0.65 0.59 0.53 0.47 0.41 0.35 0.29 0.23 0.17 0.11 0.0500001 -0.00999987 -0.0699999 -0.13 -0.19 -0.25 -0.31 -0.37 -0.43 -0.43 -0.43 -0.43 -0.43 -0.43 -0.43 -0.43 -0.43 -0.43 -0.43 -0.43 -0.43 -0.43 -0.43 -0.43 -0.43 -0.43 -0.43 -0.43 -0.37 -0.31 -0.25 -0.19 -0.13 -0.0700002 -0.0100002 0.05 0.11 0.17 0.23 0.29 0.35 0.41 0.47 0.53 0.59 0.65 0.71 0.77 0.83 0.89 0.95 1.01 1.07 1.13 1.19 1.25 1.31 1.37 1.43 1.49 1.55 1.61 1.67 1.73 1.79 1.85 1.91
1.97 1.91 1.85 1.79 1.73 1.67 1.61 1.55 1.49 1.43 1.37 1.31 1.25 1.19 1.13 1.07 1.01 0.95 0.89 0.83 0.77 0.71 0.65 0.59 0.53 0.47 0.41 0.35 0.29 0.23 0.17 0.11 0.0500001 -0.00999987 -0.0699999 -0.13 -0.19 -0.25 -0.31 -0.37 -0.37 -0.37 -0.37 -0.37 -0.37 -0.37 -0.37 -0.37 -0.37 -0.37 -0.37 -0.37 -0.37 -0.37 -0.37 -0.37 -0.37 -0.37 -0.37 -0.37 -0.37 -0.31 -0.25 -0.19 -0.13 -0.0700002 -0.0100002 0.05 0.11 0.17 0.23 0.29 0.35 0.41 0.47 0.53 0.59 0.65 0.71 0.77 0.83 0.89 0.95 1.01 1.07 1.13 1.19 1.25 1.31 1.37 1.43 1.49 1.55 1.61 1.67 1.73 1.79 1.85 1.91
1.97 1.91 1.85 1.79 1.73 1.67 1.61 1.55 1.49 1.43 1.37 1.31 1.25 1.19 1.13 1.07 1.01 0.95 0.89 0.83 0.77 0.71 0.65 0.59 0.53 0.47 0.41 0.35 0.29 0.23 0.17 0.11 0.0500001 -0.00999987 -0.0699999 -0.13 -0.19 -0.25 -0.31 -0.31 -0.31 -0.31 -0.31 -0.31 -0.31 -0.31 -0.31 -0.31 -0.31 -0.31 -0.31 -0.31 -0.31 -0.31 -0.31 -0.31 -0.31 -0.31 -0.31 -0.31 -0.31 -0.31 -0.25 -0.19 -0.13 -0.0700002 -0.0100002 0.05 0.11 0.17 0.23 0.29 0.35 0.41 0.47 0.53 0.59 0.65 0.71 0.77 0.83 0.89 0.95 1.01 1.07 1.13 1.19 1.25 1.31 1.37 1.43 1.49 1.55 1.61 1.67 1.73 1.79 1.85 1.91
