0	0	0.00263523
0	1	0.0648684
0	2	0.129656
0	3	0.194462
0	4	0.259273
0	5	0.324085
0	6	0.388898
0	7	0.453711
0	8	0.518525
0	9	0.583339
0	10	0.847347
0	11	0.804103
0	12	0.763915
0	13	0.727292
0	14	0.694798
0	15	0.667034
0	16	0.644615
0	17	0.628111
0	18	0.617997
0	19	0.614589
0	20	0.645839
0	21	0.710653
0	22	0.775467
0	23	0.840282
0	24	0.905096
0	25	0.969911
0	26	1.03473
0	27	1.09954
0	28	1.16435
0	29	1.22917
0	30	0.617759
0	31	0.627637
0	32	0.64392
0	33	0.666138
0	34	0.693721
0	35	0.726057
0	36	0.762543
0	37	0.802612
0	38	0.845755
0	39	0.891527
0	40	1.29167
0	41	1.35648
0	42	1.4213
0	43	1.48611
0	44	1.55093
0	45	1.61574
0	46	1.68056
0	47	1.74537
0	48	1.81019
0	49	1.875
0	50	0.937793
0	51	0.987663
0	52	1.03918
0	53	1.09212
0	54	1.14628
0	55	1.20149
0	56	1.25762
0	57	1.31455
0	58	1.37218
0	59	1.43043
0	60	0.645839
0	61	0.649083
0	62	0.65872
0	63	0.674475
0	64	0.695933
0	65	0.722587
0	66	0.753885
0	67	0.789275
0	68	0.828232
0	69	0.870279
0	70	1.38886
0	71	1.36291
0	72	1.33959
0	73	1.31905
0	74	1.30141
0	75	1.28681
0	76	1.27533
0	77	1.26707
0	78	1.26208
0	79	1.26042
0	80	0.91335
0	81	0.960275
0	82	1.00918
0	83	1.0598
0	84	1.11189
0	85	1.16526
0	86	1.21974
0	87	1.27518
0	88	1.33147
0	89	1.38851
0	90	1.26197
0	91	1.26683
0	92	1.27498
0	93	1.28634
0	94	1.30084
0	95	1.31837
0	96	1.33881
0	97	1.36203
0	98	1.38789
0	99	1.41625
0	100	1.44413
0	101	1.50238
0	102	1.56115
0	103	1.62038
0	104	1.68002
0	105	1.74004
0	106	1.80038
0	107	1.86103
0	108	1.92195
0	109	1.98311
0	110	1.44582
0	111	1.47865
0	112	1.51355
0	113	1.55038
0	114	1.58899
0	115	1.62927
0	116	1.67109
0	117	1.71435
0	118	1.75893
0	119	1.80473
1	0	0.0648684
1	1	0.00263523
1	2	0.0648684
1	3	0.129656
1	4	0.194462
1	5	0.259273
1	6	0.324085
1	7	0.388898
1	8	0.453711
1	9	0.518525
1	10	0.80158
1	11	0.755721
1	12	0.712811
1	13	0.673414
1	14	0.638182
1	15	0.607839
1	16	0.583148
1	17	0.564851
1	18	0.553582
1	19	0.549775
1	20	0.581024
1	21	0.645839
1	22	0.710653
1	23	0.775467
1	24	0.840282
1	25	0.905096
1	26	0.969911
1	27	1.03473
1	28	1.09954
1	29	1.16435
1	30	0.553316
1	31	0.564324
1	32	0.58238
1	33	0.606855
1	34	0.63701
1	35	0.67208
1	36	0.71134
1	37	0.754134
1	38	0.799897
1	39	0.848147
1	40	1.22685
1	41	1.29167
1	42	1.35648
1	43	1.4213
1	44	1.48611
1	45	1.55093
1	46	1.61574
1	47	1.68056
1	48	1.74537
1	49	1.81019
1	50	0.896654
1	51	0.948689
1	52	1.00221
1	53	1.05701
1	54	1.11287
1	55	1.16967
1	56	1.22725
1	57	1.28553
1	58	1.3444
1	59	1.4038
1	60	0.649083
1	61	0.645839
1	62	0.649083
1	63	0.65872
1	64	0.674475
1	65	0.695933
1	66	0.722587
1	67	0.753885
1	68	0.789275
1	69	0.828232
1	70	1.33032
1	71	1.3032
1	72	1.2788
1	73	1.25726
1	74	1.23875
1	75	1.22339
1	76	1.21131
1	77	1.20261
1	78	1.19736
1	79	1.1956
1	80	0.868729
1	81	0.91335
1	82	0.960275
1	83	1.00918
1	84	1.0598
1	85	1.11189
1	86	1.16526
1	87	1.21974
1	88	1.27518
1	89	1.33147
1	90	1.19724
1	91	1.20236
1	92	1.21094
1	93	1.2229
1	94	1.23814
1	95	1.25655
1	96	1.27798
1	97	1.30228
1	98	1.32931
1	99	1.35889
1	100	1.38646
1	101	1.44413
1	102	1.50238
1	103	1.56115
1	104	1.62038
1	105	1.68002
1	106	1.74004
1	107	1.80038
1	108	1.86103
1	109	1.92195
1	110	1.38968
1	111	1.42381
1	112	1.46002
1	113	1.49816
1	114	1.53809
1	115	1.57966
1	116	1.62277
1	117	1.66727
1	118	1.71308
1	119	1.76008
2	0	0.129656
2	1	0.0648684
2	2	0.00263523
2	3	0.0648684
2	4	0.129656
2	5	0.194462
2	6	0.259273
2	7	0.324085
2	8	0.388898
2	9	0.453711
2	10	0.758594
2	11	0.709964
2	12	0.664104
2	13	0.621628
2	14	0.583276
2	15	0.549911
2	16	0.52249
2	17	0.501987
2	18	0.489273
2	19	0.484961
2	20	0.51621
2	21	0.581024
2	22	0.645839
2	23	0.710653
2	24	0.775467
2	25	0.840282
2	26	0.905096
2	27	0.969911
2	28	1.03473
2	29	1.09954
2	30	0.488972
2	31	0.501394
2	32	0.521633
2	33	0.548824
2	34	0.581993
2	35	0.620183
2	36	0.662525
2	37	0.708275
2	38	0.756815
2	39	0.807643
2	40	1.16204
2	41	1.22685
2	42	1.29167
2	43	1.35648
2	44	1.4213
2	45	1.48611
2	46	1.55093
2	47	1.61574
2	48	1.68056
2	49	1.74537
2	50	0.858442
2	51	0.912658
2	52	0.968178
2	53	1.02479
2	54	1.08232
2	55	1.14064
2	56	1.19962
2	57	1.25917
2	58	1.31922
2	59	1.37971
2	60	0.65872
2	61	0.649083
2	62	0.645839
2	63	0.649083
2	64	0.65872
2	65	0.674475
2	66	0.695933
2	67	0.722587
2	68	0.753885
2	69	0.789275
2	70	1.27239
2	71	1.244
2	72	1.21841
2	73	1.19579
2	74	1.17631
2	75	1.16013
2	76	1.14739
2	77	1.1382
2	78	1.13265
2	79	1.13079
2	80	0.826785
2	81	0.868729
2	82	0.91335
2	83	0.960275
2	84	1.00918
2	85	1.0598
2	86	1.11189
2	87	1.16526
2	88	1.21974
2	89	1.27518
2	90	1.13252
2	91	1.13793
2	92	1.147
2	93	1.15961
2	94	1.17568
2	95	1.19504
2	96	1.21755
2	97	1.24304
2	98	1.27133
2	99	1.30222
2	100	1.32945
2	101	1.38646
2	102	1.44413
2	103	1.50238
2	104	1.56115
2	105	1.62038
2	106	1.68002
2	107	1.74004
2	108	1.80038
2	109	1.86103
2	110	1.33432
2	111	1.36983
2	112	1.40743
2	113	1.44696
2	114	1.48826
2	115	1.53119
2	116	1.57562
2	117	1.62142
2	118	1.66849
2	119	1.71671
3	0	0.194462
3	1	0.129656
3	2	0.0648684
3	3	0.00263523
3	4	0.0648684
3	5	0.129656
3	6	0.194462
3	7	0.259273
3	8	0.324085
3	9	0.388898
3	10	0.718889
3	11	0.667372
3	12	0.618361
3	13	0.572502
3	14	0.530611
3	15	0.493699
3	16	0.46296
3	17	0.43969
3	18	0.425117
3	19	0.420147
3	20	0.451397
3	21	0.51621
3	22	0.581024
3	23	0.645839
3	24	0.710653
3	25	0.775467
3	26	0.840282
3	27	0.905096
3	28	0.969911
3	29	1.03473
3	30	0.42477
3	31	0.439013
3	32	0.461993
3	33	0.492488
3	34	0.5292
3	35	0.570932
3	36	0.616665
3	37	0.665575
3	38	0.717012
3	39	0.77047
3	40	1.09723
3	41	1.16204
3	42	1.22685
3	43	1.29167
3	44	1.35648
3	45	1.4213
3	46	1.48611
3	47	1.55093
3	48	1.61574
3	49	1.68056
3	50	0.823565
3	51	0.879933
3	52	0.937393
3	53	0.995757
3	54	1.05487
3	55	1.11462
3	56	1.17491
3	57	1.23566
3	58	1.2968
3	59	1.35828
3	60	0.674475
3	61	0.65872
3	62	0.649083
3	63	0.645839
3	64	0.649083
3	65	0.65872
3	66	0.674475
3	67	0.695933
3	68	0.722587
3	69	0.753885
3	70	1.21515
3	71	1.1854
3	72	1.15851
3	73	1.1347
3	74	1.11415
3	75	1.09705
3	76	1.08356
3	77	1.07383
3	78	1.06794
3	79	1.06598
3	80	0.787946
3	81	0.826785
3	82	0.868729
3	83	0.91335
3	84	0.960275
3	85	1.00918
3	86	1.0598
3	87	1.11189
3	88	1.16526
3	89	1.21974
3	90	1.06781
3	91	1.07355
3	92	1.08315
3	93	1.09651
3	94	1.11348
3	95	1.13391
3	96	1.15761
3	97	1.18439
3	98	1.21404
3	99	1.24636
3	100	1.27319
3	101	1.32945
3	102	1.38646
3	103	1.44413
3	104	1.50238
3	105	1.56115
3	106	1.62038
3	107	1.68002
3	108	1.74004
3	109	1.80038
3	110	1.27986
3	111	1.31684
3	112	1.35591
3	113	1.39689
3	114	1.43963
3	115	1.48397
3	116	1.52977
3	117	1.57691
3	118	1.62526
3	119	1.67473
4	0	0.259273
4	1	0.194462
4	2	0.129656
4	3	0.0648684
4	4	0.00263523
4	5	0.0648684
4	6	0.129656
4	7	0.194462
4	8	0.259273
4	9	0.324085
4	10	0.683037
4	11	0.628589
4	12	0.576289
4	13	0.52678
4	14	0.480922
4	15	0.439861
4	16	0.405057
4	17	0.378241
4	18	0.361197
4	19	0.355334
4	20	0.386583
4	21	0.451397
4	22	0.51621
4	23	0.581024
4	24	0.645839
4	25	0.710653
4	26	0.775468
4	27	0.840282
4	28	0.905096
4	29	0.969911
4	30	0.360789
4	31	0.377454
4	32	0.40395
4	33	0.4385
4	34	0.479365
4	35	0.525073
4	36	0.574468
4	37	0.62668
4	38	0.681061
4	39	0.737131
4	40	1.03241
4	41	1.09723
4	42	1.16204
4	43	1.22685
4	44	1.29167
4	45	1.35648
4	46	1.4213
4	47	1.48611
4	48	1.55093
4	49	1.61574
4	50	0.792463
4	51	0.850894
4	52	0.910189
4	53	0.970191
4	54	1.03078
4	55	1.09185
4	56	1.15332
4	57	1.21515
4	58	1.27727
4	59	1.33965
4	60	0.695933
4	61	0.674475
4	62	0.65872
4	63	0.649083
4	64	0.645839
4	65	0.649083
4	66	0.65872
4	67	0.674475
4	68	0.695933
4	69	0.722587
4	70	1.15871
4	71	1.12747
4	72	1.09917
4	73	1.07404
4	74	1.05231
4	75	1.03418
4	76	1.01987
4	77	1.00952
4	78	1.00326
4	79	1.00116
4	80	0.752693
4	81	0.787946
4	82	0.826785
4	83	0.868729
4	84	0.91335
4	85	0.960275
4	86	1.00918
4	87	1.0598
4	88	1.11189
4	89	1.16526
4	90	1.00311
4	91	1.00922
4	92	1.01943
4	93	1.03361
4	94	1.05159
4	95	1.0732
4	96	1.09821
4	97	1.12641
4	98	1.15754
4	99	1.1914
4	100	1.21777
4	101	1.27319
4	102	1.32945
4	103	1.38646
4	104	1.44413
4	105	1.50238
4	106	1.56115
4	107	1.62038
4	108	1.68002
4	109	1.74004
4	110	1.2264
4	111	1.26494
4	112	1.30557
4	113	1.34808
4	114	1.39232
4	115	1.43812
4	116	1.48533
4	117	1.53384
4	118	1.58351
4	119	1.63424
5	0	0.324085
5	1	0.259273
5	2	0.194462
5	3	0.129656
5	4	0.0648684
5	5	0.00263523
5	6	0.0648684
5	7	0.129656
5	8	0.194462
5	9	0.259273
5	10	0.651675
5	11	0.59436
5	12	0.538748
5	13	0.485425
5	14	0.435232
5	15	0.389381
5	16	0.349587
5	17	0.31813
5	18	0.297663
5	19	0.290521
5	20	0.32177
5	21	0.386583
5	22	0.451397
5	23	0.51621
5	24	0.581024
5	25	0.645839
5	26	0.710653
5	27	0.775468
5	28	0.840282
5	29	0.905096
5	30	0.297168
5	31	0.317193
5	32	0.348305
5	33	0.387844
5	34	0.433511
5	35	0.483572
5	36	0.5368
5	37	0.592342
5	38	0.649604
5	39	0.708169
5	40	0.967596
5	41	1.03241
5	42	1.09723
5	43	1.16204
5	44	1.22685
5	45	1.29167
5	46	1.35648
5	47	1.4213
5	48	1.48611
5	49	1.55093
5	50	0.765597
5	51	0.82593
5	52	0.886896
5	53	0.948372
5	54	1.01027
5	55	1.07251
5	56	1.13503
5	57	1.1978
5	58	1.26078
5	59	1.32394
5	60	0.722587
5	61	0.695933
5	62	0.674475
5	63	0.65872
5	64	0.649083
5	65	0.645839
5	66	0.649083
5	67	0.65872
5	68	0.674475
5	69	0.695933
5	70	1.10319
5	71	1.07033
5	72	1.04048
5	73	1.01389
5	74	0.990842
5	75	0.971576
5	76	0.956323
5	77	0.945277
5	78	0.938587
5	79	0.936346
5	80	0.721552
5	81	0.752693
5	82	0.787946
5	83	0.826785
5	84	0.868729
5	85	0.91335
5	86	0.960275
5	87	1.00918
5	88	1.0598
5	89	1.11189
5	90	0.93843
5	91	0.944962
5	92	0.955855
5	93	0.970961
5	94	0.990088
5	95	1.01301
5	96	1.03947
5	97	1.06921
5	98	1.10196
5	99	1.13747
5	100	1.16333
5	101	1.21777
5	102	1.27319
5	103	1.32945
5	104	1.38646
5	105	1.44413
5	106	1.50238
5	107	1.56115
5	108	1.62038
5	109	1.68002
5	110	1.17409
5	111	1.21429
5	112	1.25655
5	113	1.30067
5	114	1.34647
5	115	1.39378
5	116	1.44244
5	117	1.49234
5	118	1.54334
5	119	1.59535
6	0	0.388898
6	1	0.324085
6	2	0.259273
6	3	0.194462
6	4	0.129656
6	5	0.0648684
6	6	0.00263523
6	7	0.0648684
6	8	0.129656
6	9	0.194462
6	10	0.625478
6	11	0.565514
6	12	0.506746
6	13	0.449644
6	14	0.394929
6	15	0.343745
6	16	0.297915
6	17	0.260286
6	18	0.234832
6	19	0.22571
6	20	0.256958
6	21	0.32177
6	22	0.386583
6	23	0.451397
6	24	0.51621
6	25	0.581024
6	26	0.645839
6	27	0.710653
6	28	0.775468
6	29	0.840282
6	30	0.234203
6	31	0.259141
6	32	0.29641
6	33	0.342002
6	34	0.393032
6	35	0.447643
6	36	0.504675
6	37	0.563393
6	38	0.62332
6	39	0.684139
6	40	0.902782
6	41	0.967596
6	42	1.03241
6	43	1.09723
6	44	1.16204
6	45	1.22685
6	46	1.29167
6	47	1.35648
6	48	1.4213
6	49	1.48611
6	50	0.743425
6	51	0.805421
6	52	0.867829
6	53	0.930566
6	54	0.993569
6	55	1.05679
6	56	1.1202
6	57	1.18375
6	58	1.24744
6	59	1.31124
6	60	0.753885
6	61	0.722587
6	62	0.695933
6	63	0.674475
6	64	0.65872
6	65	0.649083
6	66	0.645839
6	67	0.649083
6	68	0.65872
6	69	0.674475
6	70	1.04874
6	71	1.01411
6	72	0.982555
6	73	0.95436
6	74	0.929834
6	75	0.909276
6	76	0.892959
6	77	0.881119
6	78	0.873939
6	79	0.871532
6	80	0.695074
6	81	0.721552
6	82	0.752693
6	83	0.787946
6	84	0.826785
6	85	0.868729
6	86	0.91335
6	87	0.960275
6	88	1.00918
6	89	1.0598
6	90	0.87377
6	91	0.880782
6	92	0.892458
6	93	0.908619
6	94	0.92903
6	95	0.953419
6	96	0.981488
6	97	1.01293
6	98	1.04745
6	99	1.08474
6	100	1.11001
6	101	1.16333
6	102	1.21777
6	103	1.27319
6	104	1.32945
6	105	1.38646
6	106	1.44413
6	107	1.50238
6	108	1.56115
6	109	1.62038
6	110	1.12308
6	111	1.16504
6	112	1.20903
6	113	1.25482
6	114	1.30223
6	115	1.35109
6	116	1.40124
6	117	1.45255
6	118	1.5049
6	119	1.55819
7	0	0.453711
7	1	0.388898
7	2	0.324085
7	3	0.259273
7	4	0.194462
7	5	0.129656
7	6	0.0648684
7	7	0.00263523
7	8	0.0648684
7	9	0.129656
7	10	0.605117
7	11	0.542909
7	12	0.48139
7	13	0.420861
7	14	0.361819
7	15	0.30513
7	16	0.252384
7	17	0.206623
7	18	0.173465
7	19	0.160901
7	20	0.192148
7	21	0.256958
7	22	0.32177
7	23	0.386583
7	24	0.451397
7	25	0.51621
7	26	0.581025
7	27	0.645839
7	28	0.710653
7	29	0.775468
7	30	0.172614
7	31	0.205179
7	32	0.250605
7	33	0.303166
7	34	0.359747
7	35	0.418723
7	36	0.479209
7	37	0.540699
7	38	0.602886
7	39	0.665575
7	40	0.837967
7	41	0.902782
7	42	0.967596
7	43	1.03241
7	44	1.09723
7	45	1.16204
7	46	1.22685
7	47	1.29167
7	48	1.35648
7	49	1.4213
7	50	0.726378
7	51	0.789713
7	52	0.853271
7	53	0.917004
7	54	0.980879
7	55	1.04487
7	56	1.10896
7	57	1.17312
7	58	1.23736
7	59	1.30165
7	60	0.789275
7	61	0.753885
7	62	0.722587
7	63	0.695933
7	64	0.674475
7	65	0.65872
7	66	0.649083
7	67	0.645839
7	68	0.649083
7	69	0.65872
7	70	0.995525
7	71	0.958986
7	72	0.925548
7	73	0.89556
7	74	0.869377
7	75	0.847354
7	76	0.82982
7	77	0.817066
7	78	0.809317
7	79	0.806717
7	80	0.673811
7	81	0.695074
7	82	0.721552
7	83	0.752693
7	84	0.787946
7	85	0.826785
7	86	0.868729
7	87	0.91335
7	88	0.960275
7	89	1.00918
7	90	0.809135
7	91	0.816702
7	92	0.829281
7	93	0.846648
7	94	0.868517
7	95	0.894557
7	96	0.924416
7	97	0.957736
7	98	0.994171
7	99	1.03339
7	100	1.05796
7	101	1.11001
7	102	1.16333
7	103	1.21777
7	104	1.27319
7	105	1.32945
7	106	1.38646
7	107	1.44413
7	108	1.50238
7	109	1.56115
7	110	1.07356
7	111	1.11739
7	112	1.16317
7	113	1.2107
7	114	1.25977
7	115	1.31021
7	116	1.36187
7	117	1.41461
7	118	1.46832
7	119	1.52289
8	0	0.518525
8	1	0.453711
8	2	0.388898
8	3	0.324085
8	4	0.259273
8	5	0.194462
8	6	0.129656
8	7	0.0648684
8	8	0.00263523
8	9	0.0648684
8	10	0.591196
8	11	0.527349
8	12	0.46377
8	13	0.400587
8	14	0.338023
8	15	0.276497
8	16	0.216896
8	17	0.161367
8	18	0.115915
8	19	0.096101
8	20	0.127342
8	21	0.192148
8	22	0.256958
8	23	0.32177
8	24	0.386583
8	25	0.451397
8	26	0.51621
8	27	0.581025
8	28	0.645839
8	29	0.710653
8	30	0.114637
8	31	0.159513
8	32	0.214824
8	33	0.274328
8	34	0.335804
8	35	0.39834
8	36	0.461505
8	37	0.525073
8	38	0.588912
8	39	0.652944
8	40	0.773153
8	41	0.837967
8	42	0.902782
8	43	0.967596
8	44	1.03241
8	45	1.09723
8	46	1.16204
8	47	1.22685
8	48	1.29167
8	49	1.35648
8	50	0.714823
8	51	0.779098
8	52	0.843456
8	53	0.907878
8	54	0.972353
8	55	1.03687
8	56	1.10142
8	57	1.166
8	58	1.23061
8	59	1.29524
8	60	0.828232
8	61	0.789275
8	62	0.753885
8	63	0.722587
8	64	0.695933
8	65	0.674475
8	66	0.65872
8	67	0.649083
8	68	0.645839
8	69	0.649083
8	70	0.943768
8	71	0.905142
8	72	0.869636
8	73	0.837648
8	74	0.809595
8	75	0.785898
8	76	0.766961
8	77	0.753143
8	78	0.744729
8	79	0.741903
8	80	0.658268
8	81	0.673811
8	82	0.695074
8	83	0.721552
8	84	0.752693
8	85	0.787946
8	86	0.826785
8	87	0.868729
8	88	0.91335
8	89	0.960275
8	90	0.744531
8	91	0.752748
8	92	0.766377
8	93	0.785137
8	94	0.808671
8	95	0.836576
8	96	0.868431
8	97	0.903817
8	98	0.942339
8	99	0.983626
8	100	1.00741
8	101	1.05796
8	102	1.11001
8	103	1.16333
8	104	1.21777
8	105	1.27319
8	106	1.32945
8	107	1.38646
8	108	1.44413
8	109	1.50238
8	110	1.02575
8	111	1.07153
8	112	1.1192
8	113	1.16852
8	114	1.21928
8	115	1.27133
8	116	1.32451
8	117	1.37868
8	118	1.43373
8	119	1.48957
9	0	0.583339
9	1	0.518525
9	2	0.453711
9	3	0.388898
9	4	0.324085
9	5	0.259273
9	6	0.194462
9	7	0.129656
9	8	0.0648684
9	9	0.00263523
9	10	0.584176
9	11	0.519466
9	12	0.454786
9	13	0.390151
9	14	0.325588
9	15	0.261149
9	16	0.196957
9	17	0.133369
9	18	0.0720033
9	19	0.031361
9	20	0.0625556
9	21	0.127342
9	22	0.192148
9	23	0.256958
9	24	0.32177
9	25	0.386583
9	26	0.451397
9	27	0.51621
9	28	0.581025
9	29	0.645839
9	30	0.0699268
9	31	0.13112
9	32	0.194672
9	33	0.258851
9	34	0.323284
9	35	0.387844
9	36	0.452477
9	37	0.517155
9	38	0.581864
9	39	0.646594
9	40	0.708338
9	41	0.773153
9	42	0.837967
9	43	0.902782
9	44	0.967596
9	45	1.03241
9	46	1.09723
9	47	1.16204
9	48	1.22685
9	49	1.29167
9	50	0.709027
9	51	0.773784
9	52	0.83855
9	53	0.903322
9	54	0.968101
9	55	1.03288
9	56	1.09767
9	57	1.16246
9	58	1.22725
9	59	1.29205
9	60	0.870279
9	61	0.828232
9	62	0.789275
9	63	0.753885
9	64	0.722587
9	65	0.695933
9	66	0.674475
9	67	0.65872
9	68	0.649083
9	69	0.645839
9	70	0.893715
9	71	0.852825
9	72	0.815044
9	73	0.780822
9	74	0.750648
9	75	0.725027
9	76	0.704455
9	77	0.689386
9	78	0.680184
9	79	0.677088
9	80	0.648856
9	81	0.658268
9	82	0.673811
9	83	0.695074
9	84	0.721552
9	85	0.752693
9	86	0.787946
9	87	0.826785
9	88	0.868729
9	89	0.91335
9	90	0.679967
9	91	0.688954
9	92	0.70382
9	93	0.724203
9	94	0.749652
9	95	0.779672
9	96	0.813757
9	97	0.851419
9	98	0.892206
9	99	0.935708
9	100	0.958563
9	101	1.00741
9	102	1.05796
9	103	1.11001
9	104	1.16333
9	105	1.21777
9	106	1.27319
9	107	1.32945
9	108	1.38646
9	109	1.44413
9	110	0.97989
9	111	1.02772
9	112	1.07733
9	113	1.12848
9	114	1.18097
9	115	1.23463
9	116	1.28932
9	117	1.34491
9	118	1.40129
9	119	1.45837
10	0	0.847347
10	1	0.80158
10	2	0.758594
10	3	0.718889
10	4	0.683037
10	5	0.651675
10	6	0.625478
10	7	0.605117
10	8	0.591196
10	9	0.584176
10	10	0.00263523
10	11	0.0648684
10	12	0.129656
10	13	0.194462
10	14	0.259273
10	15	0.324085
10	16	0.388898
10	17	0.453711
10	18	0.518525
10	19	0.583339
10	20	0.584176
10	21	0.591196
10	22	0.605117
10	23	0.625478
10	24	0.651675
10	25	0.683037
10	26	0.718889
10	27	0.758594
10	28	0.80158
10	29	0.847347
10	30	0.645839
10	31	0.710653
10	32	0.775467
10	33	0.840282
10	34	0.905096
10	35	0.969911
10	36	1.03473
10	37	1.09954
10	38	1.16435
10	39	1.22917
10	40	0.893715
10	41	0.943768
10	42	0.995525
10	43	1.04874
10	44	1.10319
10	45	1.15871
10	46	1.21515
10	47	1.27239
10	48	1.33032
10	49	1.38886
10	50	1.29167
10	51	1.35648
10	52	1.4213
10	53	1.48611
10	54	1.55093
10	55	1.61574
10	56	1.68056
10	57	1.74537
10	58	1.81019
10	59	1.875
10	60	1.37425
10	61	1.34652
10	62	1.32138
10	63	1.29899
10	64	1.2795
10	65	1.26303
10	66	1.24972
10	67	1.23965
10	68	1.23292
10	69	1.22957
10	70	0.645839
10	71	0.649083
10	72	0.65872
10	73	0.674475
10	74	0.695933
10	75	0.722587
10	76	0.753885
10	77	0.789275
10	78	0.828232
10	79	0.870279
10	80	1.22957
10	81	1.23292
10	82	1.23965
10	83	1.24972
10	84	1.26303
10	85	1.2795
10	86	1.29899
10	87	1.32138
10	88	1.34652
10	89	1.37425
10	90	0.91335
10	91	0.960275
10	92	1.00918
10	93	1.0598
10	94	1.11189
10	95	1.16526
10	96	1.21974
10	97	1.27518
10	98	1.33147
10	99	1.38851
10	100	1.40332
10	101	1.43571
10	102	1.47025
10	103	1.50679
10	104	1.54518
10	105	1.5853
10	106	1.62701
10	107	1.67019
10	108	1.71474
10	109	1.76054
10	110	1.44413
10	111	1.50238
10	112	1.56115
10	113	1.62038
10	114	1.68002
10	115	1.74004
10	116	1.80038
10	117	1.86103
10	118	1.92195
10	119	1.98311
11	0	0.804103
11	1	0.755721
11	2	0.709964
11	3	0.667372
11	4	0.628589
11	5	0.59436
11	6	0.565514
11	7	0.542909
11	8	0.527349
11	9	0.519466
11	10	0.0648684
11	11	0.00263523
11	12	0.0648684
11	13	0.129656
11	14	0.194462
11	15	0.259273
11	16	0.324085
11	17	0.388898
11	18	0.453711
11	19	0.518525
11	20	0.519466
11	21	0.527349
11	22	0.542909
11	23	0.565514
11	24	0.59436
11	25	0.628589
11	26	0.667372
11	27	0.709964
11	28	0.755721
11	29	0.804103
11	30	0.581024
11	31	0.645839
11	32	0.710653
11	33	0.775467
11	34	0.840282
11	35	0.905096
11	36	0.969911
11	37	1.03473
11	38	1.09954
11	39	1.16435
11	40	0.852825
11	41	0.905142
11	42	0.958986
11	43	1.01411
11	44	1.07033
11	45	1.12747
11	46	1.1854
11	47	1.244
11	48	1.3032
11	49	1.36291
11	50	1.22685
11	51	1.29167
11	52	1.35648
11	53	1.4213
11	54	1.48611
11	55	1.55093
11	56	1.61574
11	57	1.68056
11	58	1.74537
11	59	1.81019
11	60	1.3166
11	61	1.28762
11	62	1.26131
11	63	1.23784
11	64	1.21736
11	65	1.20005
11	66	1.18603
11	67	1.17542
11	68	1.16831
11	69	1.16477
11	70	0.649083
11	71	0.645839
11	72	0.649083
11	73	0.65872
11	74	0.674475
11	75	0.695933
11	76	0.722587
11	77	0.753885
11	78	0.789275
11	79	0.828232
11	80	1.16477
11	81	1.16831
11	82	1.17542
11	83	1.18603
11	84	1.20005
11	85	1.21736
11	86	1.23784
11	87	1.26131
11	88	1.28762
11	89	1.3166
11	90	0.868729
11	91	0.91335
11	92	0.960275
11	93	1.00918
11	94	1.0598
11	95	1.11189
11	96	1.16526
11	97	1.21974
11	98	1.27518
11	99	1.33147
11	100	1.34691
11	101	1.38063
11	102	1.41651
11	103	1.4544
11	104	1.49414
11	105	1.53559
11	106	1.57861
11	107	1.62308
11	108	1.66889
11	109	1.71592
11	110	1.38646
11	111	1.44413
11	112	1.50238
11	113	1.56115
11	114	1.62038
11	115	1.68002
11	116	1.74004
11	117	1.80038
11	118	1.86103
11	119	1.92195
12	0	0.763915
12	1	0.712811
12	2	0.664104
12	3	0.618361
12	4	0.576289
12	5	0.538748
12	6	0.506746
12	7	0.48139
12	8	0.46377
12	9	0.454786
12	10	0.129656
12	11	0.0648684
12	12	0.00263523
12	13	0.0648684
12	14	0.129656
12	15	0.194462
12	16	0.259273
12	17	0.324085
12	18	0.388898
12	19	0.453711
12	20	0.454786
12	21	0.46377
12	22	0.48139
12	23	0.506746
12	24	0.538748
12	25	0.576289
12	26	0.618361
12	27	0.664104
12	28	0.712811
12	29	0.763915
12	30	0.51621
12	31	0.581024
12	32	0.645839
12	33	0.710653
12	34	0.775467
12	35	0.840282
12	36	0.905096
12	37	0.969911
12	38	1.03473
12	39	1.09954
12	40	0.815043
12	41	0.869636
12	42	0.925548
12	43	0.982555
12	44	1.04048
12	45	1.09917
12	46	1.15851
12	47	1.21841
12	48	1.2788
12	49	1.33959
12	50	1.16204
12	51	1.22685
12	52	1.29167
12	53	1.35648
12	54	1.4213
12	55	1.48611
12	56	1.55093
12	57	1.61574
12	58	1.68056
12	59	1.74537
12	60	1.25964
12	61	1.22932
12	62	1.20174
12	63	1.17707
12	64	1.15553
12	65	1.13727
12	66	1.12246
12	67	1.11125
12	68	1.10373
12	69	1.09998
12	70	0.65872
12	71	0.649083
12	72	0.645839
12	73	0.649083
12	74	0.65872
12	75	0.674475
12	76	0.695933
12	77	0.722587
12	78	0.753885
12	79	0.789275
12	80	1.09998
12	81	1.10373
12	82	1.11125
12	83	1.12246
12	84	1.13727
12	85	1.15553
12	86	1.17707
12	87	1.20174
12	88	1.22932
12	89	1.25964
12	90	0.826785
12	91	0.868729
12	92	0.91335
12	93	0.960275
12	94	1.00918
12	95	1.0598
12	96	1.11189
12	97	1.16526
12	98	1.21974
12	99	1.27518
12	100	1.29129
12	101	1.32642
12	102	1.36374
12	103	1.40305
12	104	1.4442
12	105	1.48705
12	106	1.53143
12	107	1.57723
12	108	1.62433
12	109	1.67261
12	110	1.32945
12	111	1.38646
12	112	1.44413
12	113	1.50238
12	114	1.56115
12	115	1.62038
12	116	1.68002
12	117	1.74004
12	118	1.80038
12	119	1.86103
13	0	0.727292
13	1	0.673414
13	2	0.621628
13	3	0.572502
13	4	0.52678
13	5	0.485425
13	6	0.449644
13	7	0.420861
13	8	0.400587
13	9	0.390151
13	10	0.194462
13	11	0.129656
13	12	0.0648684
13	13	0.00263523
13	14	0.0648684
13	15	0.129656
13	16	0.194462
13	17	0.259273
13	18	0.324085
13	19	0.388898
13	20	0.390151
13	21	0.400587
13	22	0.420861
13	23	0.449644
13	24	0.485425
13	25	0.52678
13	26	0.572502
13	27	0.621628
13	28	0.673414
13	29	0.727292
13	30	0.451397
13	31	0.51621
13	32	0.581024
13	33	0.645839
13	34	0.710653
13	35	0.775467
13	36	0.840282
13	37	0.905096
13	38	0.969911
13	39	1.03473
13	40	0.780822
13	41	0.837648
13	42	0.89556
13	43	0.95436
13	44	1.01389
13	45	1.07404
13	46	1.1347
13	47	1.19579
13	48	1.25726
13	49	1.31905
13	50	1.09723
13	51	1.16204
13	52	1.22685
13	53	1.29167
13	54	1.35648
13	55	1.4213
13	56	1.48611
13	57	1.55093
13	58	1.61574
13	59	1.68056
13	60	1.20348
13	61	1.17171
13	62	1.14273
13	63	1.11677
13	64	1.09403
13	65	1.07473
13	66	1.05905
13	67	1.04716
13	68	1.03918
13	69	1.0352
13	70	0.674475
13	71	0.65872
13	72	0.649083
13	73	0.645839
13	74	0.649083
13	75	0.65872
13	76	0.674475
13	77	0.695933
13	78	0.722587
13	79	0.753885
13	80	1.0352
13	81	1.03918
13	82	1.04716
13	83	1.05905
13	84	1.07473
13	85	1.09403
13	86	1.11677
13	87	1.14273
13	88	1.17171
13	89	1.20348
13	90	0.787946
13	91	0.826785
13	92	0.868729
13	93	0.91335
13	94	0.960275
13	95	1.00918
13	96	1.0598
13	97	1.11189
13	98	1.16526
13	99	1.21974
13	100	1.23657
13	101	1.27321
13	102	1.31204
13	103	1.35286
13	104	1.39549
13	105	1.43978
13	106	1.48558
13	107	1.53275
13	108	1.58118
13	109	1.63074
13	110	1.27319
13	111	1.32945
13	112	1.38646
13	113	1.44413
13	114	1.50238
13	115	1.56115
13	116	1.62038
13	117	1.68002
13	118	1.74004
13	119	1.80038
14	0	0.694798
14	1	0.638182
14	2	0.583276
14	3	0.530611
14	4	0.480922
14	5	0.435232
14	6	0.394929
14	7	0.361819
14	8	0.338023
14	9	0.325588
14	10	0.259273
14	11	0.194462
14	12	0.129656
14	13	0.0648684
14	14	0.00263523
14	15	0.0648684
14	16	0.129656
14	17	0.194462
14	18	0.259273
14	19	0.324085
14	20	0.325588
14	21	0.338023
14	22	0.361819
14	23	0.394929
14	24	0.435232
14	25	0.480922
14	26	0.530611
14	27	0.583276
14	28	0.638182
14	29	0.694797
14	30	0.386583
14	31	0.451397
14	32	0.51621
14	33	0.581024
14	34	0.645839
14	35	0.710653
14	36	0.775468
14	37	0.840282
14	38	0.905096
14	39	0.969911
14	40	0.750648
14	41	0.809595
14	42	0.869377
14	43	0.929834
14	44	0.990842
14	45	1.05231
14	46	1.11415
14	47	1.17631
14	48	1.23875
14	49	1.30141
14	50	1.03241
14	51	1.09723
14	52	1.16204
14	53	1.22685
14	54	1.29167
14	55	1.35648
14	56	1.4213
14	57	1.48611
14	58	1.55093
14	59	1.61574
14	60	1.14823
14	61	1.11489
14	62	1.08439
14	63	1.057
14	64	1.03295
14	65	1.01248
14	66	0.995824
14	67	0.983163
14	68	0.974657
14	69	0.970414
14	70	0.695933
14	71	0.674475
14	72	0.65872
14	73	0.649083
14	74	0.645839
14	75	0.649083
14	76	0.65872
14	77	0.674475
14	78	0.695933
14	79	0.722587
14	80	0.970414
14	81	0.974657
14	82	0.983163
14	83	0.995824
14	84	1.01248
14	85	1.03295
14	86	1.057
14	87	1.08439
14	88	1.11489
14	89	1.14823
14	90	0.752693
14	91	0.787946
14	92	0.826785
14	93	0.868729
14	94	0.91335
14	95	0.960275
14	96	1.00918
14	97	1.0598
14	98	1.11189
14	99	1.16526
14	100	1.18286
14	101	1.22112
14	102	1.26155
14	103	1.30395
14	104	1.34813
14	105	1.39393
14	106	1.44119
14	107	1.48977
14	108	1.53954
14	109	1.5904
14	110	1.21777
14	111	1.27319
14	112	1.32945
14	113	1.38646
14	114	1.44413
14	115	1.50238
14	116	1.56115
14	117	1.62038
14	118	1.68002
14	119	1.74004
15	0	0.667034
15	1	0.607839
15	2	0.549911
15	3	0.493699
15	4	0.439861
15	5	0.389381
15	6	0.343745
15	7	0.30513
15	8	0.276497
15	9	0.261149
15	10	0.324085
15	11	0.259273
15	12	0.194462
15	13	0.129656
15	14	0.0648684
15	15	0.00263523
15	16	0.0648684
15	17	0.129656
15	18	0.194462
15	19	0.259273
15	20	0.261149
15	21	0.276497
15	22	0.30513
15	23	0.343745
15	24	0.389381
15	25	0.439861
15	26	0.493699
15	27	0.549911
15	28	0.607839
15	29	0.667034
15	30	0.32177
15	31	0.386583
15	32	0.451397
15	33	0.51621
15	34	0.581024
15	35	0.645839
15	36	0.710653
15	37	0.775468
15	38	0.840282
15	39	0.905096
15	40	0.725027
15	41	0.785898
15	42	0.847354
15	43	0.909276
15	44	0.971576
15	45	1.03418
15	46	1.09705
15	47	1.16013
15	48	1.22339
15	49	1.28681
15	50	0.967596
15	51	1.03241
15	52	1.09723
15	53	1.16204
15	54	1.22685
15	55	1.29167
15	56	1.35648
15	57	1.4213
15	58	1.48611
15	59	1.55093
15	60	1.09403
15	61	1.05898
15	62	1.02683
15	63	0.997856
15	64	0.972345
15	65	0.950576
15	66	0.932812
15	67	0.919283
15	68	0.91018
15	69	0.905636
15	70	0.722587
15	71	0.695933
15	72	0.674475
15	73	0.65872
15	74	0.649083
15	75	0.645839
15	76	0.649083
15	77	0.65872
15	78	0.674475
15	79	0.695933
15	80	0.905636
15	81	0.91018
15	82	0.919283
15	83	0.932812
15	84	0.950576
15	85	0.972345
15	86	0.997856
15	87	1.02683
15	88	1.05898
15	89	1.09403
15	90	0.721552
15	91	0.752693
15	92	0.787946
15	93	0.826785
15	94	0.868729
15	95	0.91335
15	96	0.960275
15	97	1.00918
15	98	1.0598
15	99	1.11189
15	100	1.13033
15	101	1.1703
15	102	1.21243
15	103	1.25649
15	104	1.30228
15	105	1.34964
15	106	1.39839
15	107	1.44841
15	108	1.49955
15	109	1.55172
15	110	1.16333
15	111	1.21777
15	112	1.27319
15	113	1.32945
15	114	1.38646
15	115	1.44413
15	116	1.50238
15	117	1.56115
15	118	1.62038
15	119	1.68002
16	0	0.644615
16	1	0.583148
16	2	0.52249
16	3	0.46296
16	4	0.405057
16	5	0.349587
16	6	0.297915
16	7	0.252384
16	8	0.216896
16	9	0.196957
16	10	0.388898
16	11	0.324085
16	12	0.259273
16	13	0.194462
16	14	0.129656
16	15	0.0648684
16	16	0.00263523
16	17	0.0648684
16	18	0.129656
16	19	0.194462
16	20	0.196957
16	21	0.216896
16	22	0.252384
16	23	0.297915
16	24	0.349587
16	25	0.405057
16	26	0.46296
16	27	0.52249
16	28	0.583147
16	29	0.644615
16	30	0.256958
16	31	0.32177
16	32	0.386583
16	33	0.451397
16	34	0.51621
16	35	0.581024
16	36	0.645839
16	37	0.710653
16	38	0.775468
16	39	0.840282
16	40	0.704455
16	41	0.766961
16	42	0.82982
16	43	0.892959
16	44	0.956323
16	45	1.01987
16	46	1.08356
16	47	1.14739
16	48	1.21131
16	49	1.27533
16	50	0.902782
16	51	0.967596
16	52	1.03241
16	53	1.09723
16	54	1.16204
16	55	1.22685
16	56	1.29167
16	57	1.35648
16	58	1.4213
16	59	1.48611
16	60	1.04105
16	61	1.00415
16	62	0.970182
16	63	0.939463
16	64	0.912321
16	65	0.889083
16	66	0.870064
16	67	0.855544
16	68	0.845755
16	69	0.840863
16	70	0.753885
16	71	0.722587
16	72	0.695933
16	73	0.674475
16	74	0.65872
16	75	0.649083
16	76	0.645839
16	77	0.649083
16	78	0.65872
16	79	0.674475
16	80	0.840863
16	81	0.845755
16	82	0.855544
16	83	0.870064
16	84	0.889083
16	85	0.912321
16	86	0.939463
16	87	0.970182
16	88	1.00415
16	89	1.04105
16	90	0.695074
16	91	0.721552
16	92	0.752693
16	93	0.787946
16	94	0.826785
16	95	0.868729
16	96	0.91335
16	97	0.960275
16	98	1.00918
16	99	1.0598
16	100	1.07913
16	101	1.12093
16	102	1.16484
16	103	1.21063
16	104	1.2581
16	105	1.30705
16	106	1.35734
16	107	1.40881
16	108	1.46135
16	109	1.51483
16	110	1.11001
16	111	1.16333
16	112	1.21777
16	113	1.27319
16	114	1.32945
16	115	1.38646
16	116	1.44413
16	117	1.50238
16	118	1.56115
16	119	1.62038
17	0	0.628111
17	1	0.564851
17	2	0.501987
17	3	0.43969
17	4	0.378241
17	5	0.31813
17	6	0.260286
17	7	0.206623
17	8	0.161367
17	9	0.133369
17	10	0.453711
17	11	0.388898
17	12	0.324085
17	13	0.259273
17	14	0.194462
17	15	0.129656
17	16	0.0648684
17	17	0.00263523
17	18	0.0648684
17	19	0.129656
17	20	0.133369
17	21	0.161367
17	22	0.206623
17	23	0.260286
17	24	0.31813
17	25	0.378241
17	26	0.43969
17	27	0.501987
17	28	0.564851
17	29	0.628111
17	30	0.192148
17	31	0.256958
17	32	0.32177
17	33	0.386583
17	34	0.451397
17	35	0.51621
17	36	0.581025
17	37	0.645839
17	38	0.710653
17	39	0.775468
17	40	0.689386
17	41	0.753143
17	42	0.817066
17	43	0.881119
17	44	0.945277
17	45	1.00952
17	46	1.07383
17	47	1.1382
17	48	1.20261
17	49	1.26707
17	50	0.837967
17	51	0.902782
17	52	0.967596
17	53	1.03241
17	54	1.09723
17	55	1.16204
17	56	1.22685
17	57	1.29167
17	58	1.35648
17	59	1.4213
17	60	0.989476
17	61	0.950576
17	62	0.91462
17	63	0.881967
17	64	0.852998
17	65	0.828098
17	66	0.807643
17	67	0.79198
17	68	0.781395
17	69	0.776097
17	70	0.789275
17	71	0.753885
17	72	0.722587
17	73	0.695933
17	74	0.674475
17	75	0.65872
17	76	0.649083
17	77	0.645839
17	78	0.649083
17	79	0.65872
17	80	0.776097
17	81	0.781395
17	82	0.79198
17	83	0.807643
17	84	0.828097
17	85	0.852998
17	86	0.881967
17	87	0.91462
17	88	0.950576
17	89	0.989476
17	90	0.673811
17	91	0.695074
17	92	0.721552
17	93	0.752693
17	94	0.787946
17	95	0.826785
17	96	0.868729
17	97	0.91335
17	98	0.960275
17	99	1.00918
17	100	1.02946
17	101	1.0732
17	102	1.11899
17	103	1.16658
17	104	1.21577
17	105	1.26636
17	106	1.3182
17	107	1.37114
17	108	1.42507
17	109	1.47986
17	110	1.05796
17	111	1.11001
17	112	1.16333
17	113	1.21777
17	114	1.27319
17	115	1.32945
17	116	1.38646
17	117	1.44413
17	118	1.50238
17	119	1.56115
18	0	0.617997
18	1	0.553582
18	2	0.489273
18	3	0.425117
18	4	0.361197
18	5	0.297663
18	6	0.234832
18	7	0.173465
18	8	0.115915
18	9	0.0720033
18	10	0.518525
18	11	0.453711
18	12	0.388898
18	13	0.324085
18	14	0.259273
18	15	0.194462
18	16	0.129656
18	17	0.0648684
18	18	0.00263523
18	19	0.0648684
18	20	0.0720033
18	21	0.115915
18	22	0.173465
18	23	0.234832
18	24	0.297663
18	25	0.361197
18	26	0.425117
18	27	0.489273
18	28	0.553582
18	29	0.617997
18	30	0.127342
18	31	0.192148
18	32	0.256958
18	33	0.32177
18	34	0.386583
18	35	0.451397
18	36	0.51621
18	37	0.581025
18	38	0.645839
18	39	0.710653
18	40	0.680184
18	41	0.744729
18	42	0.809317
18	43	0.873939
18	44	0.938587
18	45	1.00326
18	46	1.06794
18	47	1.13265
18	48	1.19736
18	49	1.26208
18	50	0.773153
18	51	0.837967
18	52	0.902782
18	53	0.967596
18	54	1.03241
18	55	1.09723
18	56	1.16204
18	57	1.22685
18	58	1.29167
18	59	1.35648
18	60	0.939543
18	61	0.898484
18	62	0.860353
18	63	0.825557
18	64	0.794533
18	65	0.767739
18	66	0.745631
18	67	0.728636
18	68	0.717117
18	69	0.71134
18	70	0.828232
18	71	0.789275
18	72	0.753885
18	73	0.722587
18	74	0.695933
18	75	0.674475
18	76	0.65872
18	77	0.649083
18	78	0.645839
18	79	0.649083
18	80	0.71134
18	81	0.717117
18	82	0.728636
18	83	0.745631
18	84	0.767739
18	85	0.794533
18	86	0.825557
18	87	0.860353
18	88	0.898484
18	89	0.939543
18	90	0.658268
18	91	0.673811
18	92	0.695074
18	93	0.721552
18	94	0.752693
18	95	0.787946
18	96	0.826785
18	97	0.868729
18	98	0.91335
18	99	0.960275
18	100	0.981565
18	101	1.02735
18	102	1.07509
18	103	1.12454
18	104	1.17549
18	105	1.22774
18	106	1.28114
18	107	1.33555
18	108	1.39086
18	109	1.44695
18	110	1.00741
18	111	1.05796
18	112	1.11001
18	113	1.16333
18	114	1.21777
18	115	1.27319
18	116	1.32945
18	117	1.38646
18	118	1.44413
18	119	1.50238
19	0	0.614589
19	1	0.549775
19	2	0.484961
19	3	0.420147
19	4	0.355334
19	5	0.290521
19	6	0.22571
19	7	0.160901
19	8	0.096101
19	9	0.031361
19	10	0.583339
19	11	0.518525
19	12	0.453711
19	13	0.388898
19	14	0.324085
19	15	0.259273
19	16	0.194462
19	17	0.129656
19	18	0.0648684
19	19	0.00263523
19	20	0.0313609
19	21	0.0961009
19	22	0.160901
19	23	0.22571
19	24	0.290521
19	25	0.355334
19	26	0.420147
19	27	0.484961
19	28	0.549775
19	29	0.614589
19	30	0.0625556
19	31	0.127342
19	32	0.192148
19	33	0.256958
19	34	0.32177
19	35	0.386583
19	36	0.451397
19	37	0.51621
19	38	0.581025
19	39	0.645839
19	40	0.677088
19	41	0.741903
19	42	0.806717
19	43	0.871532
19	44	0.936346
19	45	1.00116
19	46	1.06598
19	47	1.13079
19	48	1.1956
19	49	1.26042
19	50	0.708338
19	51	0.773153
19	52	0.837967
19	53	0.902782
19	54	0.967596
19	55	1.03241
19	56	1.09723
19	57	1.16204
19	58	1.22685
19	59	1.29167
19	60	0.891527
19	61	0.848147
19	62	0.807643
19	63	0.77047
19	64	0.737132
19	65	0.708169
19	66	0.684139
19	67	0.665575
19	68	0.652944
19	69	0.646594
19	70	0.870279
19	71	0.828232
19	72	0.789275
19	73	0.753885
19	74	0.722587
19	75	0.695933
19	76	0.674475
19	77	0.65872
19	78	0.649083
19	79	0.645839
19	80	0.646594
19	81	0.652944
19	82	0.665575
19	83	0.684139
19	84	0.708169
19	85	0.737132
19	86	0.77047
19	87	0.807643
19	88	0.848147
19	89	0.891527
19	90	0.648856
19	91	0.658268
19	92	0.673811
19	93	0.695074
19	94	0.721552
19	95	0.752693
19	96	0.787946
19	97	0.826785
19	98	0.868729
19	99	0.91335
19	100	0.935708
19	101	0.983626
19	102	1.03339
19	103	1.08474
19	104	1.13747
19	105	1.1914
19	106	1.24636
19	107	1.30222
19	108	1.35889
19	109	1.41625
19	110	0.958563
19	111	1.00741
19	112	1.05796
19	113	1.11001
19	114	1.16333
19	115	1.21777
19	116	1.27319
19	117	1.32945
19	118	1.38646
19	119	1.44413
20	0	0.645839
20	1	0.581024
20	2	0.51621
20	3	0.451397
20	4	0.386583
20	5	0.32177
20	6	0.256958
20	7	0.192148
20	8	0.127342
20	9	0.0625556
20	10	0.584176
20	11	0.519466
20	12	0.454786
20	13	0.390151
20	14	0.325588
20	15	0.261149
20	16	0.196957
20	17	0.133369
20	18	0.0720033
20	19	0.0313609
20	20	0.00263523
20	21	0.0648684
20	22	0.129656
20	23	0.194462
20	24	0.259273
20	25	0.324085
20	26	0.388898
20	27	0.453711
20	28	0.518525
20	29	0.583339
20	30	0.0699268
20	31	0.13112
20	32	0.194672
20	33	0.258851
20	34	0.323284
20	35	0.387844
20	36	0.452477
20	37	0.517155
20	38	0.581864
20	39	0.646594
20	40	0.645839
20	41	0.710653
20	42	0.775467
20	43	0.840282
20	44	0.905096
20	45	0.969911
20	46	1.03473
20	47	1.09954
20	48	1.16435
20	49	1.22917
20	50	0.709027
20	51	0.773784
20	52	0.83855
20	53	0.903322
20	54	0.968101
20	55	1.03288
20	56	1.09767
20	57	1.16246
20	58	1.22725
20	59	1.29205
20	60	0.91335
20	61	0.868729
20	62	0.826785
20	63	0.787946
20	64	0.752693
20	65	0.721552
20	66	0.695074
20	67	0.673811
20	68	0.658268
20	69	0.648856
20	70	0.847347
20	71	0.804103
20	72	0.763915
20	73	0.727292
20	74	0.694798
20	75	0.667034
20	76	0.644615
20	77	0.628111
20	78	0.617997
20	79	0.614589
20	80	0.645839
20	81	0.649083
20	82	0.65872
20	83	0.674475
20	84	0.695933
20	85	0.722587
20	86	0.753885
20	87	0.789275
20	88	0.828232
20	89	0.870279
20	90	0.617759
20	91	0.627637
20	92	0.64392
20	93	0.666138
20	94	0.693721
20	95	0.726057
20	96	0.762543
20	97	0.802612
20	98	0.845755
20	99	0.891527
20	100	0.91335
20	101	0.960275
20	102	1.00918
20	103	1.0598
20	104	1.11189
20	105	1.16526
20	106	1.21974
20	107	1.27518
20	108	1.33147
20	109	1.38851
20	110	0.937793
20	111	0.987663
20	112	1.03918
20	113	1.09212
20	114	1.14628
20	115	1.20149
20	116	1.25762
20	117	1.31455
20	118	1.37218
20	119	1.43043
21	0	0.710653
21	1	0.645839
21	2	0.581024
21	3	0.51621
21	4	0.451397
21	5	0.386583
21	6	0.32177
21	7	0.256958
21	8	0.192148
21	9	0.127342
21	10	0.591196
21	11	0.527349
21	12	0.46377
21	13	0.400587
21	14	0.338023
21	15	0.276497
21	16	0.216896
21	17	0.161367
21	18	0.115915
21	19	0.0961009
21	20	0.0648684
21	21	0.00263523
21	22	0.0648684
21	23	0.129656
21	24	0.194462
21	25	0.259273
21	26	0.324085
21	27	0.388898
21	28	0.453711
21	29	0.518525
21	30	0.114637
21	31	0.159513
21	32	0.214824
21	33	0.274328
21	34	0.335804
21	35	0.39834
21	36	0.461505
21	37	0.525073
21	38	0.588912
21	39	0.652944
21	40	0.581024
21	41	0.645839
21	42	0.710653
21	43	0.775467
21	44	0.840282
21	45	0.905096
21	46	0.969911
21	47	1.03473
21	48	1.09954
21	49	1.16435
21	50	0.714823
21	51	0.779098
21	52	0.843456
21	53	0.907878
21	54	0.972353
21	55	1.03687
21	56	1.10142
21	57	1.166
21	58	1.23061
21	59	1.29524
21	60	0.960275
21	61	0.91335
21	62	0.868729
21	63	0.826785
21	64	0.787946
21	65	0.752693
21	66	0.721552
21	67	0.695074
21	68	0.673811
21	69	0.658268
21	70	0.80158
21	71	0.755721
21	72	0.712811
21	73	0.673414
21	74	0.638182
21	75	0.607839
21	76	0.583148
21	77	0.564851
21	78	0.553582
21	79	0.549775
21	80	0.649083
21	81	0.645839
21	82	0.649083
21	83	0.65872
21	84	0.674475
21	85	0.695933
21	86	0.722587
21	87	0.753885
21	88	0.789275
21	89	0.828232
21	90	0.553316
21	91	0.564324
21	92	0.58238
21	93	0.606855
21	94	0.63701
21	95	0.67208
21	96	0.71134
21	97	0.754134
21	98	0.799897
21	99	0.848147
21	100	0.868729
21	101	0.91335
21	102	0.960275
21	103	1.00918
21	104	1.0598
21	105	1.11189
21	106	1.16526
21	107	1.21974
21	108	1.27518
21	109	1.33147
21	110	0.896654
21	111	0.948689
21	112	1.00221
21	113	1.05701
21	114	1.11287
21	115	1.16967
21	116	1.22725
21	117	1.28553
21	118	1.3444
21	119	1.4038
22	0	0.775467
22	1	0.710653
22	2	0.645839
22	3	0.581024
22	4	0.51621
22	5	0.451397
22	6	0.386583
22	7	0.32177
22	8	0.256958
22	9	0.192148
22	10	0.605117
22	11	0.542909
22	12	0.48139
22	13	0.420861
22	14	0.361819
22	15	0.30513
22	16	0.252384
22	17	0.206623
22	18	0.173465
22	19	0.160901
22	20	0.129656
22	21	0.0648684
22	22	0.00263523
22	23	0.0648684
22	24	0.129656
22	25	0.194462
22	26	0.259273
22	27	0.324085
22	28	0.388898
22	29	0.453711
22	30	0.172614
22	31	0.205179
22	32	0.250605
22	33	0.303166
22	34	0.359747
22	35	0.418723
22	36	0.479209
22	37	0.540699
22	38	0.602886
22	39	0.665575
22	40	0.51621
22	41	0.581024
22	42	0.645839
22	43	0.710653
22	44	0.775467
22	45	0.840282
22	46	0.905096
22	47	0.969911
22	48	1.03473
22	49	1.09954
22	50	0.726378
22	51	0.789713
22	52	0.853271
22	53	0.917004
22	54	0.980879
22	55	1.04487
22	56	1.10896
22	57	1.17312
22	58	1.23736
22	59	1.30165
22	60	1.00918
22	61	0.960275
22	62	0.91335
22	63	0.868729
22	64	0.826785
22	65	0.787946
22	66	0.752693
22	67	0.721552
22	68	0.695074
22	69	0.673811
22	70	0.758594
22	71	0.709964
22	72	0.664104
22	73	0.621628
22	74	0.583276
22	75	0.549911
22	76	0.52249
22	77	0.501987
22	78	0.489273
22	79	0.484961
22	80	0.65872
22	81	0.649083
22	82	0.645839
22	83	0.649083
22	84	0.65872
22	85	0.674475
22	86	0.695933
22	87	0.722587
22	88	0.753885
22	89	0.789275
22	90	0.488972
22	91	0.501394
22	92	0.521633
22	93	0.548824
22	94	0.581993
22	95	0.620183
22	96	0.662525
22	97	0.708275
22	98	0.756815
22	99	0.807643
22	100	0.826785
22	101	0.868729
22	102	0.91335
22	103	0.960275
22	104	1.00918
22	105	1.0598
22	106	1.11189
22	107	1.16526
22	108	1.21974
22	109	1.27518
22	110	0.858442
22	111	0.912658
22	112	0.968178
22	113	1.02479
22	114	1.08232
22	115	1.14064
22	116	1.19962
22	117	1.25917
22	118	1.31922
22	119	1.37971
23	0	0.840282
23	1	0.775467
23	2	0.710653
23	3	0.645839
23	4	0.581024
23	5	0.51621
23	6	0.451397
23	7	0.386583
23	8	0.32177
23	9	0.256958
23	10	0.625478
23	11	0.565514
23	12	0.506746
23	13	0.449644
23	14	0.394929
23	15	0.343745
23	16	0.297915
23	17	0.260286
23	18	0.234832
23	19	0.22571
23	20	0.194462
23	21	0.129656
23	22	0.0648684
23	23	0.00263523
23	24	0.0648684
23	25	0.129656
23	26	0.194462
23	27	0.259273
23	28	0.324085
23	29	0.388898
23	30	0.234203
23	31	0.259141
23	32	0.29641
23	33	0.342002
23	34	0.393032
23	35	0.447643
23	36	0.504675
23	37	0.563393
23	38	0.62332
23	39	0.684139
23	40	0.451397
23	41	0.51621
23	42	0.581024
23	43	0.645839
23	44	0.710653
23	45	0.775467
23	46	0.840282
23	47	0.905096
23	48	0.969911
23	49	1.03473
23	50	0.743425
23	51	0.805421
23	52	0.867829
23	53	0.930566
