1.28202e-31 4.04953e-17 6.62876e-17 8.60189e-17 1.01833e-16 1.14984e-16 1.26009e-16 1.354e-16 1.43358e-16 1.50141e-16 1.55834e-16 1.60595e-16 1.64456e-16 1.67524e-16 1.69798e-16 1.71352e-16 1.72168e-16 1.72296e-16 1.71697e-16 1.70404e-16 1.68358e-16 1.65574e-16 1.61968e-16 1.57531e-16 1.52141e-16 1.45755e-16 1.38186e-16 1.29323e-16 1.18851e-16 1.06499e-16 9.16233e-17 7.34297e-17 4.997e-17 1.67414e-17 -2.94704e-17 -5.85934e-17 -7.99229e-17 -9.69235e-17 -1.10842e-16 -1.22549e-16 -1.32426e-16 -1.40857e-16 -1.47995e-16 -1.54055e-16 -1.59101e-16 -1.6327e-16 -1.66581e-16 -1.6913e-16 -1.70908e-16 -1.71982e-16 -1.72325e-16 -1.71982e-16 -1.70908e-16 -1.6913e-16 -1.66581e-16 -1.6327e-16 -1.59101e-16 -1.54055e-16 -1.47995e-16 -1.40857e-16 -1.32426e-16 -1.22549e-16 -1.10842e-16 -9.69235e-17 -7.9923e-17 -5.85934e-17 -2.94705e-17 1.67414e-17 4.99699e-17 7.34297e-17 9.16233e-17 1.06498e-16 1.18851e-16 1.29323e-16 1.38186e-16 1.45755e-16 1.52141e-16 1.57531e-16 1.61968e-16 1.65574e-16 1.68358e-16 1.70404e-16 1.71697e-16 1.72296e-16 1.72168e-16 1.71352e-16 1.69798e-16 1.67524e-16 1.64456e-16 1.60595e-16 1.55834e-16 1.50141e-16 1.43358e-16 1.354e-16 1.2601e-16 1.14984e-16 1.01833e-16 8.60189e-17 6.62878e-17 4.04953e-17 1.28202e-31
4.04954e-17 0.0149399 0.0260742 0.0350315 0.042482 0.0488035 0.0542076 0.0588518 0.0628337 0.0662383 0.0691193 0.0715277 0.073494 0.0750506 0.0762134 0.0770018 0.0774222 0.0774831 0.0771816 0.0765182 0.0754799 0.0740583 0.0722297 0.0699737 0.0672533 0.064031 0.0602468 0.055836 0.0506961 0.044704 0.0376569 0.0292624 0.0189566 0.00558482 -0.0104998 -0.0226602 -0.0322343 -0.0401405 -0.0468052 -0.0524989 -0.0573803 -0.0615753 -0.065163 -0.0682148 -0.0707746 -0.0728865 -0.0745753 -0.0758689 -0.0767795 -0.0773232 -0.0775022 -0.0773232 -0.0767795 -0.0758689 -0.0745753 -0.0728865 -0.0707746 -0.0682148 -0.065163 -0.0615753 -0.0573803 -0.0524989 -0.0468052 -0.0401405 -0.0322343 -0.0226603 -0.0104999 0.00558479 0.0189566 0.0292624 0.0376569 0.044704 0.0506961 0.055836 0.0602468 0.064031 0.0672533 0.0699738 0.0722296 0.0740583 0.0754799 0.0765182 0.0771816 0.0774831 0.0774222 0.0770018 0.0762134 0.0750506 0.073494 0.0715277 0.0691193 0.0662383 0.0628337 0.0588518 0.0542076 0.0488036 0.042482 0.0350315 0.0260742 0.0149399 4.04954e-17
6.62876e-17 0.0260742 0.0470057 0.0643016 0.0788665 0.0912946 0.101961 0.111144 0.119033 0.125783 0.1315 0.136281 0.140187 0.143278 0.14559 0.147157 0.147993 0.148113 0.147515 0.146195 0.144133 0.141307 0.137676 0.133196 0.127797 0.121405 0.113908 0.105178 0.0950285 0.083227 0.0694228 0.0531248 0.0335284 0.00938718 -0.0180354 -0.0404968 -0.0588731 -0.0742749 -0.0873618 -0.0985837 -0.108234 -0.116538 -0.123651 -0.129704 -0.134786 -0.138979 -0.142335 -0.144905 -0.146715 -0.147795 -0.148152 -0.147795 -0.146715 -0.144905 -0.142335 -0.138979 -0.134786 -0.129704 -0.123651 -0.116538 -0.108234 -0.0985838 -0.0873618 -0.0742749 -0.0588732 -0.0404969 -0.0180355 0.00938712 0.0335284 0.0531247 0.0694227 0.0832269 0.0950285 0.105178 0.113908 0.121405 0.127797 0.133196 0.137676 0.141307 0.144133 0.146195 0.147515 0.148113 0.147993 0.147157 0.14559 0.143278 0.140187 0.136281 0.1315 0.125783 0.119033 0.111144 0.101961 0.0912947 0.0788666 0.0643016 0.0470059 0.0260742 6.62876e-17
8.60188e-17 0.0350315 0.0643016 0.0890527 0.110175 0.128337 0.144003 0.157532 0.169182 0.179163 0.187631 0.194714 0.200508 0.205094 0.208525 0.21085 0.212092 0.21227 0.211382 0.209423 0.206362 0.202168 0.196784 0.190141 0.182146 0.172687 0.161611 0.148737 0.133814 0.116533 0.0964566 0.0730078 0.045354 0.0124118 -0.024052 -0.0551053 -0.0812411 -0.103493 -0.122578 -0.139035 -0.153241 -0.165494 -0.176011 -0.184968 -0.192499 -0.198715 -0.203695 -0.207507 -0.210196 -0.211798 -0.212328 -0.211798 -0.210196 -0.207507 -0.203695 -0.198715 -0.192499 -0.184969 -0.176011 -0.165494 -0.153241 -0.139035 -0.122578 -0.103493 -0.0812412 -0.0551054 -0.0240522 0.0124117 0.045354 0.0730077 0.0964566 0.116533 0.133814 0.148737 0.161611 0.172687 0.182146 0.190141 0.196784 0.202168 0.206363 0.209423 0.211382 0.21227 0.212092 0.21085 0.208525 0.205094 0.200508 0.194714 0.187631 0.179163 0.169182 0.157532 0.144003 0.128337 0.110175 0.0890528 0.0643018 0.0350315 8.60188e-17
1.01833e-16 0.042482 0.0788665 0.110175 0.137211 0.160643 0.180963 0.198577 0.213786 0.226843 0.237935 0.247224 0.254828 0.26085 0.265359 0.268414 0.270047 0.270281 0.269114 0.266538 0.262518 0.257008 0.249939 0.241226 0.230749 0.218368 0.203899 0.18712 0.167738 0.145398 0.119623 0.089827 0.0552277 0.0149113 -0.0290408 -0.0673528 -0.100247 -0.128632 -0.153198 -0.174509 -0.192985 -0.208968 -0.222717 -0.234446 -0.244319 -0.252475 -0.259013 -0.264021 -0.267554 -0.26966 -0.270358 -0.26966 -0.267554 -0.264021 -0.259013 -0.252475 -0.244319 -0.234446 -0.222717 -0.208968 -0.192985 -0.174509 -0.153198 -0.128632 -0.100247 -0.0673529 -0.029041 0.0149112 0.0552276 0.0898269 0.119623 0.145397 0.167738 0.18712 0.203899 0.218368 0.230749 0.241226 0.249939 0.257008 0.262518 0.266538 0.269114 0.270281 0.270047 0.268414 0.265359 0.26085 0.254828 0.247224 0.237935 0.226843 0.213786 0.198577 0.180963 0.160643 0.137212 0.110175 0.0788668 0.042482 1.01833e-16
1.14984e-16 0.0488035 0.0912946 0.128337 0.160643 0.18884 0.213426 0.234818 0.253345 0.269282 0.282845 0.294217 0.303536 0.31092 0.316453 0.320201 0.322206 0.322493 0.321061 0.317899 0.312965 0.306209 0.297544 0.286872 0.274057 0.258935 0.241297 0.220895 0.197413 0.170473 0.139596 0.104214 0.0636176 0.0170314 -0.0332697 -0.0777805 -0.116546 -0.150361 -0.179863 -0.205605 -0.22802 -0.247471 -0.264243 -0.278577 -0.29066 -0.300651 -0.308667 -0.31481 -0.319147 -0.321731 -0.322587 -0.321731 -0.319147 -0.31481 -0.308667 -0.300651 -0.29066 -0.278577 -0.264243 -0.247471 -0.22802 -0.205606 -0.179863 -0.150361 -0.116546 -0.0777806 -0.0332699 0.0170313 0.0636175 0.104214 0.139595 0.170473 0.197413 0.220896 0.241297 0.258935 0.274057 0.286872 0.297544 0.306209 0.312965 0.317899 0.321061 0.322493 0.322206 0.320201 0.316453 0.31092 0.303536 0.294217 0.282845 0.269282 0.253345 0.234818 0.213426 0.18884 0.160643 0.128337 0.0912949 0.0488035 1.14984e-16
1.26009e-16 0.0542076 0.101961 0.144003 0.180963 0.213426 0.241868 0.266708 0.288282 0.306883 0.322739 0.336051 0.346971 0.355631 0.362122 0.366524 0.368877 0.369215 0.367533 0.363821 0.358031 0.350104 0.33995 0.327452 0.312462 0.294801 0.274246 0.250531 0.223329 0.19226 0.156854 0.116581 0.0707986 0.0188387 -0.0368811 -0.0867171 -0.13058 -0.169171 -0.203072 -0.232808 -0.258805 -0.281436 -0.300997 -0.317746 -0.331885 -0.343589 -0.352987 -0.360195 -0.365285 -0.368319 -0.369325 -0.368319 -0.365285 -0.360195 -0.352987 -0.343589 -0.331885 -0.317746 -0.300997 -0.281436 -0.258805 -0.232808 -0.203072 -0.169171 -0.130581 -0.0867172 -0.0368813 0.0188386 0.0707985 0.116581 0.156854 0.19226 0.223329 0.250531 0.274246 0.294801 0.312462 0.327452 0.33995 0.350104 0.358031 0.363821 0.367533 0.369215 0.368877 0.366524 0.362122 0.355631 0.346971 0.336052 0.322739 0.306883 0.288282 0.266708 0.241868 0.213426 0.180963 0.144003 0.101961 0.0542076 1.26009e-16
1.354e-16 0.0588518 0.111144 0.157532 0.198577 0.234818 0.266708 0.294655 0.318993 0.34002 0.357978 0.373073 0.38547 0.395306 0.402686 0.40769 0.410368 0.410751 0.408838 0.404616 0.398034 0.389028 0.377497 0.36332 0.346337 0.326359 0.303151 0.276445 0.245909 0.211169 0.171777 0.127237 0.0769719 0.0203932 -0.0399841 -0.0944041 -0.142687 -0.185456 -0.223241 -0.256536 -0.285754 -0.311263 -0.333363 -0.35232 -0.368348 -0.381629 -0.392306 -0.400496 -0.406282 -0.409732 -0.410877 -0.409732 -0.406282 -0.400496 -0.392306 -0.381629 -0.368348 -0.35232 -0.333363 -0.311263 -0.285754 -0.256536 -0.223241 -0.185456 -0.142687 -0.0944043 -0.0399843 0.0203931 0.0769718 0.127237 0.171777 0.211169 0.245909 0.276445 0.303151 0.326359 0.346337 0.36332 0.377497 0.389028 0.398034 0.404616 0.408838 0.410751 0.410368 0.40769 0.402686 0.395306 0.38547 0.373073 0.357978 0.34002 0.318993 0.294655 0.266708 0.234818 0.198577 0.157532 0.111145 0.0588518 1.354e-16
1.43358e-16 0.0628337 0.119033 0.169182 0.213786 0.253345 0.288282 0.318993 0.345805 0.369017 0.388871 0.405583 0.419322 0.430231 0.438419 0.443974 0.446948 0.447372 0.445249 0.440561 0.433256 0.423266 0.410484 0.394784 0.375996 0.353932 0.328346 0.298973 0.265482 0.227513 0.184638 0.1364 0.0822685 0.0217233 -0.0426433 -0.101004 -0.153103 -0.199505 -0.240691 -0.277126 -0.309203 -0.337283 -0.361663 -0.382613 -0.400349 -0.415063 -0.4269 -0.435987 -0.44241 -0.446242 -0.447513 -0.446242 -0.44241 -0.435987 -0.4269 -0.415063 -0.40035 -0.382613 -0.361663 -0.337283 -0.309203 -0.277126 -0.240691 -0.199505 -0.153103 -0.101004 -0.0426435 0.0217232 0.0822684 0.1364 0.184638 0.227513 0.265482 0.298973 0.328346 0.353932 0.375996 0.394784 0.410484 0.423266 0.433256 0.440561 0.445249 0.447372 0.446948 0.443974 0.438419 0.430231 0.419322 0.405583 0.388871 0.369017 0.345805 0.318993 0.288282 0.253345 0.213786 0.169182 0.119034 0.0628337 1.43358e-16
1.50141e-16 0.0662383 0.125783 0.179163 0.226843 0.269282 0.306883 0.34002 0.369017 0.394165 0.415708 0.433861 0.4488 0.46067 0.469587 0.475637 0.478876 0.479339 0.477027 0.471919 0.463965 0.453091 0.439188 0.422128 0.401735 0.377816 0.350131 0.318409 0.282333 0.241553 0.195664 0.144241 0.0867975 0.0228621 -0.044917 -0.106648 -0.162023 -0.211556 -0.255691 -0.294864 -0.329449 -0.359795 -0.386194 -0.408915 -0.428175 -0.444168 -0.457046 -0.466938 -0.473934 -0.478107 -0.479492 -0.478107 -0.473934 -0.466938 -0.457046 -0.444168 -0.428175 -0.408915 -0.386194 -0.359795 -0.329449 -0.294864 -0.255691 -0.211556 -0.162023 -0.106649 -0.0449173 0.022862 0.0867974 0.144241 0.195664 0.241553 0.282332 0.318409 0.350131 0.377816 0.401735 0.422128 0.439188 0.453091 0.463965 0.471919 0.477027 0.479339 0.478876 0.475637 0.469587 0.46067 0.4488 0.433862 0.415708 0.394165 0.369017 0.34002 0.306883 0.269282 0.226843 0.179164 0.125783 0.0662383 1.50141e-16
1.55833e-16 0.0691193 0.1315 0.187631 0.237935 0.282845 0.322739 0.357978 0.388871 0.415708 0.438726 0.458146 0.474138 0.486857 0.496415 0.502902 0.506376 0.506873 0.504392 0.498915 0.490388 0.478737 0.463848 0.445591 0.423793 0.398257 0.368742 0.334989 0.29668 0.253487 0.205021 0.150887 0.0906312 0.0238238 -0.0468401 -0.111428 -0.169586 -0.221788 -0.268449 -0.309977 -0.346729 -0.379038 -0.407196 -0.431464 -0.452061 -0.46918 -0.482973 -0.493574 -0.501076 -0.50555 -0.507037 -0.50555 -0.501076 -0.493574 -0.482973 -0.46918 -0.452061 -0.431464 -0.407196 -0.379038 -0.346729 -0.309977 -0.268449 -0.221788 -0.169586 -0.111429 -0.0468403 0.0238237 0.0906311 0.150887 0.205021 0.253487 0.29668 0.334989 0.368742 0.398257 0.423793 0.445591 0.463848 0.478737 0.490388 0.498915 0.504392 0.506873 0.506376 0.502902 0.496415 0.486857 0.474139 0.458146 0.438726 0.415708 0.388871 0.357978 0.32274 0.282845 0.237935 0.187631 0.131501 0.0691193 1.55833e-16
1.60595e-16 0.0715277 0.136281 0.194714 0.247224 0.294217 0.336052 0.373073 0.405583 0.433861 0.458146 0.478651 0.495553 0.509 0.519111 0.525976 0.529653 0.530179 0.527554 0.521758 0.512735 0.500413 0.484676 0.465393 0.442388 0.415468 0.384396 0.348913 0.308716 0.263485 0.212852 0.156444 0.0938358 0.0246292 -0.0484483 -0.115424 -0.175911 -0.230355 -0.279142 -0.322659 -0.361247 -0.39523 -0.424889 -0.450482 -0.472224 -0.49031 -0.504894 -0.516107 -0.524043 -0.52878 -0.530353 -0.52878 -0.524043 -0.516107 -0.504894 -0.49031 -0.472224 -0.450482 -0.424889 -0.39523 -0.361247 -0.322659 -0.279142 -0.230355 -0.175912 -0.115424 -0.0484486 0.0246291 0.0938357 0.156444 0.212852 0.263485 0.308716 0.348913 0.384396 0.415468 0.442388 0.465393 0.484676 0.500413 0.512735 0.521757 0.527554 0.530179 0.529653 0.525976 0.519111 0.509 0.495553 0.478651 0.458146 0.433861 0.405583 0.373073 0.336052 0.294217 0.247224 0.194714 0.136281 0.0715277 1.60595e-16
1.64456e-16 0.073494 0.140187 0.200508 0.254828 0.303536 0.346971 0.38547 0.419322 0.4488 0.474138 0.495553 0.513213 0.527273 0.537848 0.545029 0.548878 0.549427 0.546679 0.540615 0.531179 0.518295 0.501847 0.481705 0.457694 0.429622 0.397254 0.360339 0.318582 0.271673 0.21926 0.160987 0.0964531 0.0252852 -0.0497604 -0.118688 -0.181083 -0.237366 -0.2879 -0.333058 -0.373166 -0.408536 -0.439443 -0.46614 -0.488839 -0.507734 -0.522978 -0.534704 -0.543007 -0.547963 -0.54961 -0.547963 -0.543007 -0.534704 -0.522978 -0.507734 -0.488839 -0.46614 -0.439443 -0.408536 -0.373166 -0.333058 -0.2879 -0.237366 -0.181083 -0.118689 -0.0497607 0.0252851 0.0964529 0.160987 0.21926 0.271673 0.318582 0.36034 0.397254 0.429622 0.457694 0.481705 0.501847 0.518295 0.531179 0.540615 0.546679 0.549427 0.548878 0.545029 0.537847 0.527273 0.513213 0.495553 0.474138 0.4488 0.419322 0.38547 0.346972 0.303536 0.254829 0.200508 0.140188 0.073494 1.64456e-16
1.67524e-16 0.0750506 0.143278 0.205094 0.26085 0.31092 0.355631 0.395306 0.430231 0.46067 0.486857 0.509 0.527273 0.541825 0.552776 0.560214 0.564199 0.564769 0.561923 0.555642 0.545871 0.532533 0.515512 0.49468 0.469861 0.440865 0.407462 0.369403 0.326401 0.278157 0.224331 0.164583 0.0985241 0.0258059 -0.0507995 -0.121272 -0.185177 -0.242917 -0.29484 -0.341304 -0.382622 -0.419102 -0.451006 -0.478588 -0.502058 -0.521603 -0.537381 -0.549521 -0.55812 -0.563253 -0.564957 -0.563253 -0.55812 -0.549522 -0.537381 -0.521603 -0.502058 -0.478589 -0.451006 -0.419102 -0.382622 -0.341304 -0.29484 -0.242917 -0.185177 -0.121272 -0.0507998 0.0258057 0.098524 0.164582 0.224331 0.278157 0.326401 0.369403 0.407462 0.440865 0.46986 0.49468 0.515512 0.532533 0.545871 0.555642 0.561923 0.564769 0.564199 0.560214 0.552776 0.541825 0.527273 0.509 0.486857 0.46067 0.430231 0.395306 0.355632 0.31092 0.260851 0.205094 0.143279 0.0750506 1.67524e-16
1.69797e-16 0.0762134 0.14559 0.208525 0.265359 0.316453 0.362122 0.402686 0.438419 0.469587 0.496415 0.519111 0.537848 0.552776 0.564009 0.571642 0.575732 0.576317 0.573396 0.566951 0.556925 0.543241 0.525788 0.50443 0.479 0.449306 0.415118 0.376198 0.332262 0.283014 0.228127 0.167271 0.100073 0.0261935 -0.0515756 -0.123203 -0.188239 -0.247072 -0.300038 -0.347483 -0.389713 -0.42703 -0.459689 -0.487941 -0.511991 -0.532033 -0.548215 -0.560669 -0.569493 -0.574761 -0.57651 -0.574761 -0.569493 -0.560669 -0.548215 -0.532033 -0.511992 -0.487941 -0.459689 -0.42703 -0.389713 -0.347483 -0.300038 -0.247072 -0.188239 -0.123203 -0.0515759 0.0261933 0.100072 0.167271 0.228127 0.283014 0.332262 0.376198 0.415118 0.449306 0.479 0.504429 0.525788 0.543241 0.556925 0.566951 0.573396 0.576317 0.575732 0.571642 0.564009 0.552776 0.537848 0.519111 0.496415 0.469587 0.438419 0.402686 0.362122 0.316453 0.26536 0.208526 0.145591 0.0762134 1.69797e-16
1.71353e-16 0.0770018 0.147157 0.21085 0.268414 0.320201 0.366524 0.40769 0.443974 0.475637 0.502902 0.525976 0.545029 0.560214 0.571642 0.579409 0.58357 0.584165 0.581192 0.574635 0.564435 0.550516 0.532765 0.511051 0.485202 0.455032 0.420313 0.380806 0.336233 0.286305 0.230699 0.169093 0.101122 0.0264575 -0.0521023 -0.124512 -0.190313 -0.249887 -0.30356 -0.351672 -0.394523 -0.432406 -0.465581 -0.494289 -0.518739 -0.539118 -0.555575 -0.568244 -0.577222 -0.582582 -0.584362 -0.582582 -0.577222 -0.568244 -0.555575 -0.539118 -0.518739 -0.49429 -0.465581 -0.432406 -0.394523 -0.351672 -0.30356 -0.249887 -0.190314 -0.124512 -0.0521026 0.0264574 0.101122 0.169093 0.230699 0.286305 0.336232 0.380806 0.420313 0.455032 0.485203 0.511051 0.532765 0.550516 0.564435 0.574635 0.581192 0.584165 0.58357 0.579409 0.571642 0.560214 0.54503 0.525976 0.502902 0.475637 0.443974 0.40769 0.366524 0.320201 0.268414 0.210851 0.147157 0.0770018 1.71353e-16
1.72168e-16 0.0774222 0.147993 0.212092 0.270047 0.322206 0.368877 0.410368 0.446948 0.478876 0.506376 0.529653 0.548878 0.564199 0.575732 0.58357 0.58777 0.588371 0.585371 0.578753 0.568458 0.554413 0.536503 0.514596 0.488524 0.458097 0.423092 0.383271 0.338356 0.288064 0.232073 0.170065 0.101682 0.0265972 -0.0523824 -0.12521 -0.191421 -0.251391 -0.305443 -0.353912 -0.397095 -0.435284 -0.468735 -0.497689 -0.522352 -0.542912 -0.559517 -0.572304 -0.581362 -0.586773 -0.58857 -0.586773 -0.581363 -0.572304 -0.559517 -0.542912 -0.522352 -0.49769 -0.468735 -0.435284 -0.397095 -0.353912 -0.305443 -0.251391 -0.191422 -0.125211 -0.0523827 0.026597 0.101682 0.170065 0.232073 0.288063 0.338356 0.383271 0.423092 0.458097 0.488524 0.514596 0.536503 0.554413 0.568458 0.578753 0.585371 0.588371 0.58777 0.58357 0.575732 0.564199 0.548879 0.529654 0.506376 0.478876 0.446948 0.410368 0.368878 0.322206 0.270048 0.212092 0.147993 0.0774222 1.72168e-16
1.72296e-16 0.0774831 0.148113 0.21227 0.270281 0.322493 0.369215 0.410751 0.447372 0.479339 0.506873 0.530179 0.549427 0.564769 0.576317 0.584165 0.588371 0.588972 0.585968 0.579341 0.569034 0.55497 0.537037 0.515103 0.488998 0.458534 0.423489 0.383623 0.33866 0.288316 0.23227 0.170206 0.101763 0.0266182 -0.0524236 -0.125311 -0.191581 -0.251607 -0.305712 -0.354232 -0.397462 -0.435696 -0.469185 -0.498174 -0.522867 -0.543452 -0.56008 -0.572883 -0.581955 -0.587371 -0.58917 -0.587371 -0.581955 -0.572883 -0.56008 -0.543452 -0.522867 -0.498174 -0.469185 -0.435696 -0.397463 -0.354232 -0.305712 -0.251607 -0.191581 -0.125311 -0.0524239 0.0266181 0.101763 0.170205 0.23227 0.288316 0.33866 0.383623 0.423489 0.458534 0.488998 0.515103 0.537037 0.55497 0.569033 0.579341 0.585968 0.588972 0.588371 0.584165 0.576317 0.564769 0.549427 0.530179 0.506873 0.479339 0.447372 0.410751 0.369215 0.322493 0.270281 0.21227 0.148114 0.0774831 1.72296e-16
1.71697e-16 0.0771816 0.147515 0.211382 0.269114 0.321061 0.367533 0.408838 0.445249 0.477027 0.504392 0.527554 0.546679 0.561923 0.573396 0.581192 0.585371 0.585968 0.582986 0.576401 0.56616 0.552187 0.534368 0.512572 0.486626 0.456346 0.421505 0.381863 0.337143 0.287059 0.231288 0.16951 0.101362 0.0265168 -0.0522219 -0.124811 -0.190788 -0.250532 -0.304367 -0.352633 -0.395626 -0.433641 -0.466933 -0.495748 -0.520287 -0.540744 -0.557265 -0.569985 -0.578998 -0.584378 -0.586166 -0.584378 -0.578998 -0.569985 -0.557265 -0.540744 -0.520287 -0.495748 -0.466933 -0.433641 -0.395626 -0.352633 -0.304367 -0.250532 -0.190789 -0.124811 -0.0522222 0.0265167 0.101361 0.16951 0.231288 0.287059 0.337142 0.381863 0.421505 0.456346 0.486626 0.512572 0.534368 0.552187 0.56616 0.576401 0.582986 0.585968 0.585371 0.581192 0.573396 0.561923 0.546679 0.527554 0.504392 0.477027 0.445249 0.408838 0.367533 0.321061 0.269114 0.211383 0.147516 0.0771816 1.71697e-16
1.70404e-16 0.0765182 0.146195 0.209423 0.266538 0.317899 0.363821 0.404616 0.440561 0.471919 0.498915 0.521758 0.540615 0.555642 0.566951 0.574635 0.578753 0.579341 0.576401 0.569912 0.559818 0.546045 0.528477 0.506983 0.481391 0.451513 0.417122 0.377976 0.333794 0.284284 0.22912 0.167975 0.100478 0.026296 -0.0517793 -0.123709 -0.18904 -0.248158 -0.301397 -0.349098 -0.391568 -0.429102 -0.461961 -0.490387 -0.514593 -0.534763 -0.551051 -0.563588 -0.572471 -0.577774 -0.579535 -0.577775 -0.572471 -0.563588 -0.551051 -0.534763 -0.514593 -0.490387 -0.461961 -0.429102 -0.391568 -0.349099 -0.301397 -0.248158 -0.18904 -0.123709 -0.0517796 0.0262959 0.100478 0.167974 0.229119 0.284284 0.333794 0.377976 0.417122 0.451513 0.481391 0.506983 0.528477 0.546045 0.559818 0.569912 0.576401 0.579341 0.578753 0.574635 0.566951 0.555642 0.540615 0.521758 0.498915 0.471919 0.440561 0.404616 0.363821 0.317899 0.266538 0.209423 0.146196 0.0765182 1.70404e-16
1.68358e-16 0.0754799 0.144133 0.206362 0.262518 0.312965 0.358031 0.398034 0.433256 0.463965 0.490388 0.512735 0.531179 0.545871 0.556925 0.564435 0.568458 0.569034 0.56616 0.559818 0.549955 0.536487 0.519308 0.498282 0.473237 0.443983 0.410292 0.371915 0.328568 0.279953 0.225735 0.165576 0.0990967 0.0259486 -0.0510861 -0.121985 -0.186309 -0.244453 -0.296762 -0.343588 -0.385243 -0.422031 -0.454215 -0.482044 -0.505727 -0.525456 -0.541382 -0.553638 -0.562321 -0.567502 -0.569224 -0.567502 -0.562321 -0.553638 -0.541382 -0.525456 -0.505727 -0.482044 -0.454215 -0.422031 -0.385243 -0.343589 -0.296762 -0.244453 -0.186309 -0.121986 -0.0510864 0.0259484 0.0990966 0.165576 0.225734 0.279953 0.328568 0.371915 0.410292 0.443983 0.473237 0.498282 0.519308 0.536487 0.549955 0.559818 0.56616 0.569034 0.568458 0.564435 0.556925 0.545871 0.531179 0.512736 0.490388 0.463965 0.433256 0.398034 0.358031 0.312965 0.262518 0.206363 0.144133 0.0754799 1.68358e-16
1.65574e-16 0.0740583 0.141307 0.202168 0.257008 0.306209 0.350104 0.389028 0.423266 0.453091 0.478737 0.500413 0.518295 0.532533 0.543241 0.550516 0.554413 0.55497 0.552187 0.546045 0.536487 0.523439 0.506786 0.486395 0.462093 0.433687 0.400947 0.363618 0.321412 0.27402 0.221096 0.162289 0.0972038 0.0254745 -0.0501373 -0.119624 -0.182566 -0.239376 -0.290413 -0.336042 -0.376587 -0.412358 -0.443624 -0.47064 -0.493616 -0.512747 -0.528182 -0.540058 -0.548467 -0.553488 -0.555154 -0.553488 -0.548467 -0.540058 -0.528182 -0.512747 -0.493616 -0.47064 -0.443624 -0.412358 -0.376587 -0.336042 -0.290413 -0.239376 -0.182566 -0.119625 -0.0501376 0.0254743 0.0972036 0.162289 0.221096 0.27402 0.321411 0.363618 0.400947 0.433687 0.462093 0.486395 0.506786 0.523439 0.536487 0.546045 0.552187 0.55497 0.554413 0.550516 0.543241 0.532533 0.518295 0.500413 0.478737 0.453091 0.423266 0.389028 0.350105 0.306209 0.257009 0.202169 0.141308 0.0740583 1.65574e-16
1.61968e-16 0.0722297 0.137676 0.196784 0.249939 0.297544 0.33995 0.377497 0.410484 0.439188 0.463848 0.484676 0.501847 0.515512 0.525788 0.532765 0.536503 0.537037 0.534368 0.528477 0.519308 0.506786 0.490798 0.471209 0.447846 0.420516 0.388984 0.352991 0.312238 0.266409 0.215141 0.158067 0.0947701 0.0248629 -0.0489165 -0.11659 -0.177759 -0.232859 -0.282269 -0.326371 -0.3655 -0.399979 -0.43008 -0.456065 -0.478148 -0.496521 -0.511339 -0.522734 -0.530801 -0.535615 -0.537214 -0.535615 -0.530801 -0.522734 -0.511339 -0.496521 -0.478148 -0.456065 -0.43008 -0.399979 -0.3655 -0.326371 -0.282269 -0.232859 -0.177759 -0.11659 -0.0489168 0.0248627 0.0947701 0.158067 0.21514 0.266409 0.312238 0.352991 0.388984 0.420516 0.447846 0.471209 0.490798 0.506786 0.519308 0.528477 0.534368 0.537037 0.536503 0.532765 0.525788 0.515512 0.501847 0.484676 0.463848 0.439188 0.410484 0.377497 0.33995 0.297545 0.24994 0.196784 0.137677 0.0722297 1.61968e-16
1.57531e-16 0.0699737 0.133196 0.190141 0.241226 0.286872 0.327452 0.36332 0.394784 0.422128 0.445591 0.465393 0.481705 0.49468 0.50443 0.511051 0.514596 0.515103 0.512572 0.506983 0.498282 0.486395 0.471209 0.45259 0.430368 0.404344 0.374281 0.339917 0.300942 0.257029 0.207797 0.152858 0.0917676 0.0241101 -0.047411 -0.112846 -0.171828 -0.224824 -0.272237 -0.314467 -0.351868 -0.384767 -0.413454 -0.438189 -0.459188 -0.476646 -0.490717 -0.501532 -0.509187 -0.513754 -0.515271 -0.513754 -0.509187 -0.501532 -0.490717 -0.476646 -0.459188 -0.438189 -0.413454 -0.384767 -0.351868 -0.314467 -0.272237 -0.224824 -0.171828 -0.112846 -0.0474113 0.02411 0.0917675 0.152857 0.207797 0.257028 0.300942 0.339917 0.374281 0.404344 0.430368 0.45259 0.471209 0.486395 0.498282 0.506983 0.512572 0.515103 0.514596 0.511051 0.50443 0.49468 0.481705 0.465393 0.445591 0.422128 0.394784 0.36332 0.327452 0.286873 0.241226 0.190141 0.133196 0.0699737 1.57531e-16
1.52141e-16 0.0672533 0.127797 0.182146 0.230749 0.274057 0.312462 0.346337 0.375996 0.401735 0.423793 0.442388 0.457694 0.469861 0.479 0.485202 0.488524 0.488998 0.486626 0.481391 0.473237 0.462093 0.447846 0.430368 0.409483 0.385 0.356674 0.324242 0.287382 0.245755 0.19896 0.146583 0.0881481 0.0232003 -0.0455941 -0.108333 -0.164687 -0.215159 -0.260182 -0.300182 -0.335526 -0.366559 -0.393574 -0.416836 -0.436561 -0.452947 -0.466145 -0.476284 -0.483456 -0.487734 -0.489155 -0.487734 -0.483456 -0.476284 -0.466145 -0.452947 -0.436561 -0.416836 -0.393574 -0.366559 -0.335526 -0.300183 -0.260182 -0.215159 -0.164688 -0.108333 -0.0455944 0.0232001 0.088148 0.146583 0.198959 0.245755 0.287382 0.324242 0.356674 0.385 0.409483 0.430368 0.447846 0.462093 0.473237 0.481391 0.486626 0.488998 0.488524 0.485202 0.479 0.469861 0.457694 0.442389 0.423793 0.401735 0.375996 0.346337 0.312462 0.274057 0.230749 0.182146 0.127797 0.0672533 1.52141e-16
1.45755e-16 0.064031 0.121405 0.172687 0.218368 0.258935 0.294801 0.326359 0.353932 0.377816 0.398257 0.415468 0.429622 0.440865 0.449306 0.455032 0.458097 0.458534 0.456346 0.451513 0.443983 0.433687 0.420516 0.404344 0.385 0.362289 0.335975 0.305784 0.271391 0.232439 0.188509 0.139155 0.0838604 0.0221244 -0.043443 -0.102988 -0.156236 -0.203735 -0.245953 -0.283345 -0.316296 -0.345165 -0.370248 -0.391813 -0.410078 -0.425234 -0.437432 -0.446797 -0.45342 -0.457369 -0.458679 -0.457369 -0.45342 -0.446797 -0.437432 -0.425234 -0.410078 -0.391813 -0.370248 -0.345165 -0.316296 -0.283345 -0.245953 -0.203735 -0.156237 -0.102988 -0.0434433 0.0221243 0.0838603 0.139155 0.188509 0.232439 0.271391 0.305784 0.335975 0.362289 0.385 0.404344 0.420516 0.433687 0.443983 0.451513 0.456346 0.458534 0.458097 0.455032 0.449306 0.440865 0.429622 0.415468 0.398257 0.377816 0.353932 0.326359 0.294801 0.258935 0.218369 0.172687 0.121405 0.064031 1.45755e-16
1.38186e-16 0.0602468 0.113908 0.161611 0.203899 0.241297 0.274246 0.303151 0.328347 0.350131 0.368742 0.384396 0.397254 0.407462 0.415118 0.420313 0.423092 0.423489 0.421505 0.417122 0.410292 0.400947 0.388984 0.374281 0.356674 0.335975 0.311945 0.284314 0.252752 0.216887 0.176279 0.130447 0.0788277 0.0208584 -0.0409154 -0.0967168 -0.146335 -0.190373 -0.229343 -0.263732 -0.293942 -0.320342 -0.343231 -0.362878 -0.379496 -0.393269 -0.404346 -0.412844 -0.418852 -0.422432 -0.423621 -0.422432 -0.418852 -0.412844 -0.404346 -0.393269 -0.379496 -0.362878 -0.343231 -0.320342 -0.293942 -0.263732 -0.229343 -0.190373 -0.146336 -0.096717 -0.0409157 0.0208583 0.0788276 0.130447 0.176279 0.216887 0.252751 0.284314 0.311945 0.335975 0.356674 0.374281 0.388983 0.400947 0.410292 0.417122 0.421505 0.423489 0.423092 0.420313 0.415118 0.407462 0.397254 0.384396 0.368742 0.350131 0.328347 0.303151 0.274246 0.241297 0.203899 0.161611 0.113908 0.0602468 1.38186e-16
1.29323e-16 0.055836 0.105178 0.148737 0.18712 0.220895 0.250531 0.276445 0.298973 0.318409 0.334989 0.348913 0.36034 0.369403 0.376198 0.380806 0.383271 0.383623 0.381863 0.377976 0.371915 0.363618 0.352991 0.339917 0.324242 0.305784 0.284314 0.259567 0.231211 0.198868 0.162074 0.120312 0.0729622 0.0193847 -0.0379695 -0.0894107 -0.134818 -0.174866 -0.210117 -0.241087 -0.268198 -0.291821 -0.312258 -0.329767 -0.344554 -0.356799 -0.366637 -0.37418 -0.379509 -0.382685 -0.383739 -0.382685 -0.379509 -0.37418 -0.366637 -0.356799 -0.344554 -0.329767 -0.312258 -0.291821 -0.268198 -0.241087 -0.210117 -0.174866 -0.134818 -0.0894108 -0.0379697 0.0193846 0.0729621 0.120312 0.162074 0.198868 0.231211 0.259567 0.284314 0.305784 0.324242 0.339917 0.352991 0.363618 0.371915 0.377975 0.381863 0.383623 0.383271 0.380806 0.376198 0.369403 0.36034 0.348913 0.334989 0.318409 0.298973 0.276445 0.250532 0.220896 0.18712 0.148737 0.105178 0.055836 1.29323e-16
1.18851e-16 0.0506961 0.0950286 0.133814 0.167738 0.197413 0.223329 0.245909 0.265482 0.282333 0.29668 0.308716 0.318582 0.326401 0.332262 0.336233 0.338356 0.33866 0.337142 0.333794 0.328569 0.321411 0.312238 0.300942 0.287382 0.271391 0.252752 0.231211 0.206445 0.178077 0.145627 0.108542 0.0661327 0.0176636 -0.0345344 -0.0809096 -0.121456 -0.156932 -0.18796 -0.215082 -0.23873 -0.259274 -0.277003 -0.292165 -0.30495 -0.315527 -0.324016 -0.330521 -0.335114 -0.337852 -0.338759 -0.337852 -0.335114 -0.330521 -0.324016 -0.315527 -0.30495 -0.292165 -0.277003 -0.259274 -0.23873 -0.215082 -0.18796 -0.156932 -0.121456 -0.0809098 -0.0345345 0.0176635 0.0661326 0.108542 0.145627 0.178077 0.206445 0.231211 0.252752 0.271391 0.287382 0.300942 0.312238 0.321412 0.328569 0.333794 0.337142 0.33866 0.338356 0.336233 0.332262 0.326401 0.318582 0.308716 0.29668 0.282333 0.265482 0.245909 0.223329 0.197413 0.167738 0.133815 0.0950289 0.0506961 1.18851e-16
1.06499e-16 0.044704 0.083227 0.116533 0.145398 0.170473 0.19226 0.211169 0.227513 0.241553 0.253487 0.263485 0.271673 0.278157 0.283014 0.286305 0.288064 0.288316 0.287059 0.284284 0.279953 0.27402 0.266409 0.257029 0.245755 0.232439 0.216887 0.198868 0.178077 0.154152 0.12661 0.0948712 0.0581752 0.0156582 -0.0305283 -0.0710139 -0.105958 -0.136228 -0.162501 -0.185337 -0.205164 -0.222334 -0.237115 -0.249732 -0.260359 -0.269138 -0.276179 -0.281572 -0.285379 -0.287646 -0.288398 -0.287646 -0.285379 -0.281572 -0.276179 -0.269138 -0.260359 -0.249732 -0.237115 -0.222334 -0.205164 -0.185337 -0.162501 -0.136228 -0.105958 -0.0710141 -0.0305285 0.0156581 0.0581751 0.0948711 0.12661 0.154152 0.178077 0.198868 0.216887 0.232439 0.245755 0.257028 0.266409 0.27402 0.279953 0.284284 0.287059 0.288316 0.288064 0.286305 0.283014 0.278158 0.271673 0.263485 0.253487 0.241553 0.227513 0.211169 0.19226 0.170473 0.145398 0.116533 0.0832273 0.044704 1.06499e-16
9.16233e-17 0.0376569 0.0694228 0.0964566 0.119623 0.139596 0.156854 0.171777 0.184638 0.195664 0.205021 0.212852 0.21926 0.224331 0.228127 0.230699 0.232073 0.23227 0.231288 0.22912 0.225735 0.221096 0.215141 0.207797 0.19896 0.188509 0.176279 0.162074 0.145627 0.12661 0.104569 0.0789157 0.0488315 0.0132918 -0.0258105 -0.0594154 -0.0879101 -0.112287 -0.133259 -0.151379 -0.167042 -0.180566 -0.19218 -0.202079 -0.210405 -0.217277 -0.222784 -0.227001 -0.229975 -0.231747 -0.232334 -0.231747 -0.229975 -0.227001 -0.222784 -0.217277 -0.210405 -0.202079 -0.19218 -0.180566 -0.167042 -0.151379 -0.133259 -0.112287 -0.0879102 -0.0594156 -0.0258106 0.0132917 0.0488315 0.0789156 0.104569 0.12661 0.145627 0.162074 0.176279 0.188509 0.19896 0.207797 0.215141 0.221096 0.225735 0.22912 0.231288 0.23227 0.232073 0.230699 0.228127 0.224331 0.21926 0.212853 0.205021 0.195664 0.184638 0.171777 0.156854 0.139596 0.119623 0.0964567 0.069423 0.0376569 9.16233e-17
7.34299e-17 0.0292624 0.0531248 0.0730078 0.089827 0.104214 0.116581 0.127237 0.1364 0.144241 0.150887 0.156444 0.160987 0.164582 0.167271 0.169093 0.170065 0.170206 0.16951 0.167975 0.165576 0.162289 0.158067 0.152858 0.146583 0.139155 0.130447 0.120312 0.108542 0.0948711 0.0789157 0.060145 0.0377292 0.0104685 -0.0201808 -0.0456758 -0.0667556 -0.0845191 -0.0996584 -0.112663 -0.12386 -0.133501 -0.141765 -0.148799 -0.154707 -0.159582 -0.163485 -0.166473 -0.16858 -0.169836 -0.170251 -0.169836 -0.16858 -0.166473 -0.163485 -0.159582 -0.154707 -0.148799 -0.141765 -0.133501 -0.12386 -0.112663 -0.0996584 -0.0845191 -0.0667556 -0.0456759 -0.0201809 0.0104684 0.0377291 0.060145 0.0789156 0.094871 0.108542 0.120312 0.130447 0.139155 0.146583 0.152858 0.158067 0.162289 0.165576 0.167975 0.16951 0.170206 0.170065 0.169093 0.167271 0.164583 0.160987 0.156444 0.150887 0.144241 0.1364 0.127237 0.116581 0.104214 0.0898271 0.0730079 0.0531249 0.0292624 7.34299e-17
4.99699e-17 0.0189566 0.0335284 0.045354 0.0552277 0.0636176 0.0707986 0.0769719 0.0822686 0.0867976 0.0906312 0.0938358 0.0964531 0.0985241 0.100073 0.101122 0.101682 0.101763 0.101362 0.100478 0.0990967 0.0972037 0.0947702 0.0917677 0.0881482 0.0838605 0.0788277 0.0729622 0.0661327 0.0581752 0.0488316 0.0377292 0.0241902 0.0069635 -0.0132293 -0.0290379 -0.0416559 -0.0521216 -0.0609652 -0.0685268 -0.0750161 -0.0805941 -0.0853671 -0.0894269 -0.0928336 -0.0956438 -0.0978926 -0.0996138 -0.100826 -0.101549 -0.101788 -0.101549 -0.100826 -0.0996137 -0.0978926 -0.0956438 -0.0928336 -0.0894269 -0.0853671 -0.0805941 -0.0750161 -0.0685268 -0.0609652 -0.0521216 -0.0416559 -0.029038 -0.0132294 0.00696346 0.0241902 0.0377292 0.0488315 0.0581752 0.0661326 0.0729622 0.0788277 0.0838605 0.0881482 0.0917676 0.0947701 0.0972037 0.0990967 0.100478 0.101362 0.101763 0.101682 0.101122 0.100073 0.0985242 0.0964531 0.0938358 0.0906312 0.0867976 0.0822686 0.0769719 0.0707986 0.0636177 0.0552278 0.0453541 0.0335285 0.0189566 4.99699e-17
1.67414e-17 0.00558483 0.00938717 0.0124118 0.0149113 0.0170314 0.0188387 0.0203932 0.0217233 0.0228621 0.0238238 0.0246292 0.0252853 0.0258059 0.0261935 0.0264575 0.0265972 0.0266182 0.0265168 0.026296 0.0259486 0.0254745 0.0248629 0.0241101 0.0232003 0.0221244 0.0208584 0.0193847 0.0176636 0.0156582 0.0132918 0.0104685 0.0069635 0.00223794 -0.00401841 -0.00823257 -0.0114676 -0.0141278 -0.0163605 -0.0182682 -0.0199 -0.0213037 -0.0225019 -0.0235225 -0.0243769 -0.025083 -0.0256464 -0.0260792 -0.0263825 -0.0265649 -0.0266239 -0.0265648 -0.0263825 -0.0260792 -0.0256464 -0.025083 -0.0243769 -0.0235225 -0.0225019 -0.0213037 -0.0199 -0.0182682 -0.0163605 -0.0141278 -0.0114676 -0.00823258 -0.00401843 0.00223793 0.00696349 0.0104685 0.0132918 0.0156582 0.0176636 0.0193847 0.0208584 0.0221244 0.0232003 0.0241101 0.0248629 0.0254745 0.0259486 0.026296 0.0265168 0.0266182 0.0265972 0.0264575 0.0261935 0.0258059 0.0252852 0.0246292 0.0238238 0.0228621 0.0217233 0.0203932 0.0188387 0.0170314 0.0149113 0.0124118 0.0093872 0.00558483 1.67414e-17
-2.94704e-17 -0.0104998 -0.0180354 -0.024052 -0.0290408 -0.0332697 -0.0368811 -0.0399841 -0.0426433 -0.044917 -0.0468401 -0.0484483 -0.0497604 -0.0507995 -0.0515756 -0.0521023 -0.0523824 -0.0524236 -0.0522219 -0.0517793 -0.0510861 -0.0501373 -0.0489165 -0.047411 -0.0455942 -0.043443 -0.0409154 -0.0379695 -0.0345344 -0.0305283 -0.0258105 -0.0201808 -0.0132293 -0.00401841 0.00744858 0.0157358 0.022175 0.0274744 0.0319328 0.0357396 0.0390007 0.0418031 0.0441987 0.0462365 0.0479451 0.0493551 0.0504823 0.0513461 0.0519536 0.0523166 0.0524358 0.0523166 0.0519536 0.0513461 0.0504823 0.0493551 0.0479451 0.0462365 0.0441987 0.0418031 0.0390007 0.0357396 0.0319328 0.0274744 0.0221751 0.0157359 0.00744862 -0.00401839 -0.0132293 -0.0201807 -0.0258105 -0.0305283 -0.0345343 -0.0379695 -0.0409154 -0.043443 -0.0455942 -0.047411 -0.0489165 -0.0501373 -0.0510861 -0.0517793 -0.0522219 -0.0524236 -0.0523824 -0.0521023 -0.0515756 -0.0507995 -0.0497604 -0.0484483 -0.0468401 -0.044917 -0.0426433 -0.0399841 -0.0368811 -0.0332697 -0.0290409 -0.024052 -0.0180355 -0.0104998 -2.94704e-17
-5.85934e-17 -0.0226602 -0.0404968 -0.0551053 -0.0673528 -0.0777805 -0.0867171 -0.0944041 -0.101004 -0.106648 -0.111428 -0.115424 -0.118688 -0.121272 -0.123203 -0.124512 -0.12521 -0.125311 -0.124811 -0.123709 -0.121985 -0.119624 -0.11659 -0.112846 -0.108333 -0.102988 -0.0967167 -0.0894107 -0.0809097 -0.0710139 -0.0594155 -0.0456758 -0.0290379 -0.00823257 0.0157358 0.0349743 0.0505288 0.0634961 0.0744822 0.0838885 0.0919686 0.0989171 0.104866 0.109927 0.114175 0.117679 0.120484 0.122631 0.124143 0.125045 0.125343 0.125045 0.124143 0.122631 0.120484 0.117679 0.114175 0.109927 0.104866 0.0989171 0.0919687 0.0838885 0.0744822 0.0634961 0.0505288 0.0349744 0.0157359 -0.00823252 -0.0290379 -0.0456758 -0.0594154 -0.0710139 -0.0809096 -0.0894107 -0.0967167 -0.102988 -0.108333 -0.112846 -0.11659 -0.119624 -0.121985 -0.123709 -0.124811 -0.125311 -0.12521 -0.124512 -0.123203 -0.121272 -0.118688 -0.115424 -0.111428 -0.106648 -0.101004 -0.0944041 -0.0867171 -0.0777805 -0.0673529 -0.0551054 -0.0404969 -0.0226602 -5.85934e-17
-7.99229e-17 -0.0322343 -0.0588731 -0.0812411 -0.100247 -0.116546 -0.13058 -0.142687 -0.153103 -0.162023 -0.169586 -0.175911 -0.181083 -0.185177 -0.188239 -0.190313 -0.191421 -0.191581 -0.190788 -0.18904 -0.186309 -0.182566 -0.177759 -0.171828 -0.164687 -0.156236 -0.146335 -0.134818 -0.121456 -0.105958 -0.08791 -0.0667556 -0.0416559 -0.0114676 0.022175 0.0505288 0.0741944 0.094242 0.111382 0.126132 0.138849 0.149807 0.159206 0.167209 0.173934 0.179483 0.183928 0.18733 0.18973 0.19116 0.191632 0.19116 0.18973 0.18733 0.183928 0.179483 0.173934 0.167209 0.159206 0.149807 0.138849 0.126132 0.111382 0.094242 0.0741945 0.0505289 0.0221752 -0.0114675 -0.0416558 -0.0667556 -0.08791 -0.105958 -0.121456 -0.134818 -0.146335 -0.156236 -0.164687 -0.171828 -0.177759 -0.182566 -0.186309 -0.18904 -0.190788 -0.191581 -0.191421 -0.190313 -0.188239 -0.185177 -0.181083 -0.175911 -0.169586 -0.162023 -0.153103 -0.142687 -0.13058 -0.116546 -0.100247 -0.0812412 -0.0588733 -0.0322343 -7.99229e-17
-9.69234e-17 -0.0401405 -0.0742749 -0.103493 -0.128632 -0.150361 -0.169171 -0.185456 -0.199505 -0.211556 -0.221788 -0.230355 -0.237366 -0.242917 -0.247072 -0.249887 -0.251391 -0.251607 -0.250532 -0.248158 -0.244453 -0.239376 -0.232859 -0.224824 -0.215159 -0.203735 -0.190373 -0.174866 -0.156932 -0.136228 -0.112287 -0.084519 -0.0521216 -0.0141278 0.0274744 0.0634961 0.094242 0.120662 0.143462 0.1632 0.180288 0.195055 0.207747 0.218571 0.227677 0.235196 0.241223 0.245839 0.249095 0.251035 0.251677 0.251035 0.249095 0.245839 0.241223 0.235196 0.227677 0.218571 0.207747 0.195055 0.180288 0.1632 0.143462 0.120662 0.0942421 0.0634962 0.0274745 -0.0141278 -0.0521215 -0.0845189 -0.112286 -0.136228 -0.156932 -0.174866 -0.190373 -0.203735 -0.215159 -0.224824 -0.232859 -0.239376 -0.244453 -0.248158 -0.250532 -0.251607 -0.251391 -0.249887 -0.247072 -0.242917 -0.237366 -0.230355 -0.221788 -0.211556 -0.199505 -0.185456 -0.169171 -0.150361 -0.128632 -0.103494 -0.0742751 -0.0401405 -9.69234e-17
-1.10842e-16 -0.0468052 -0.0873617 -0.122578 -0.153198 -0.179863 -0.203072 -0.223241 -0.240691 -0.255691 -0.268449 -0.279142 -0.2879 -0.29484 -0.300038 -0.30356 -0.305443 -0.305712 -0.304367 -0.301397 -0.296762 -0.290413 -0.282269 -0.272237 -0.260182 -0.245953 -0.229343 -0.210117 -0.18796 -0.162501 -0.133259 -0.0996584 -0.0609652 -0.0163605 0.0319328 0.0744822 0.111382 0.143462 0.171379 0.195693 0.216834 0.23516 0.250949 0.264435 0.275797 0.285189 0.292723 0.298495 0.302568 0.304996 0.305801 0.304996 0.302568 0.298495 0.292723 0.285189 0.275797 0.264435 0.250949 0.23516 0.216834 0.195694 0.171379 0.143462 0.111382 0.0744824 0.031933 -0.0163604 -0.0609651 -0.0996583 -0.133258 -0.162501 -0.18796 -0.210117 -0.229343 -0.245953 -0.260182 -0.272237 -0.282269 -0.290413 -0.296762 -0.301396 -0.304367 -0.305712 -0.305443 -0.30356 -0.300038 -0.29484 -0.2879 -0.279142 -0.268449 -0.255691 -0.240691 -0.223241 -0.203072 -0.179863 -0.153198 -0.122579 -0.0873621 -0.0468052 -1.10842e-16
-1.22549e-16 -0.0524989 -0.0985837 -0.139035 -0.174509 -0.205605 -0.232808 -0.256536 -0.277126 -0.294864 -0.309977 -0.322659 -0.333058 -0.341304 -0.347483 -0.351672 -0.353912 -0.354232 -0.352633 -0.349098 -0.343588 -0.336042 -0.326371 -0.314467 -0.300182 -0.283345 -0.263732 -0.241087 -0.215082 -0.185337 -0.151379 -0.112663 -0.0685268 -0.0182682 0.0357396 0.0838885 0.126132 0.1632 0.195693 0.224146 0.24899 0.270594 0.289252 0.305219 0.318691 0.329838 0.338788 0.345648 0.350493 0.35338 0.354337 0.35338 0.350493 0.345648 0.338788 0.329838 0.318691 0.305219 0.289252 0.270594 0.24899 0.224146 0.195693 0.1632 0.126133 0.0838887 0.0357398 -0.0182681 -0.0685267 -0.112663 -0.151378 -0.185337 -0.215082 -0.241087 -0.263732 -0.283345 -0.300182 -0.314467 -0.326371 -0.336042 -0.343588 -0.349098 -0.352633 -0.354232 -0.353912 -0.351672 -0.347483 -0.341304 -0.333058 -0.322659 -0.309977 -0.294864 -0.277126 -0.256536 -0.232808 -0.205606 -0.174509 -0.139035 -0.0985841 -0.0524989 -1.22549e-16
-1.32426e-16 -0.0573803 -0.108234 -0.153241 -0.192985 -0.22802 -0.258805 -0.285754 -0.309203 -0.329449 -0.346729 -0.361247 -0.373166 -0.382622 -0.389713 -0.394523 -0.397095 -0.397462 -0.395626 -0.391568 -0.385243 -0.376587 -0.3655 -0.351868 -0.335526 -0.316296 -0.293942 -0.268198 -0.23873 -0.205164 -0.167042 -0.12386 -0.0750161 -0.0199 0.0390007 0.0919686 0.138849 0.180288 0.216834 0.24899 0.277175 0.301757 0.32304 0.341285 0.356702 0.369473 0.379736 0.387607 0.393169 0.396484 0.397583 0.396484 0.393169 0.387607 0.379736 0.369473 0.356702 0.341285 0.32304 0.301757 0.277175 0.24899 0.216834 0.180288 0.138849 0.0919688 0.0390009 -0.0198998 -0.075016 -0.12386 -0.167042 -0.205164 -0.23873 -0.268198 -0.293942 -0.316296 -0.335526 -0.351868 -0.3655 -0.376587 -0.385243 -0.391568 -0.395626 -0.397462 -0.397095 -0.394523 -0.389713 -0.382622 -0.373166 -0.361247 -0.346729 -0.329449 -0.309203 -0.285754 -0.258805 -0.22802 -0.192985 -0.153241 -0.108234 -0.0573803 -1.32426e-16
